0 1 2 
3 4 5 
6 7 8 
9 10 11 
12 13 14 
15 16 17 
18 19 20 
21 22 23 
24 25 26 
27 28 29 
30 31 32 
33 34 35 
36 37 38 
39 40 41 
42 43 44 
45 46 47 
48 49 50 
51 52 53 
54 55 56 
57 58 59 
60 61 62 
63 64 65 
66 67 68 
69 70 71 
72 73 74 
75 76 77 
78 79 80 
81 82 83 
84 85 86 
87 88 89 
90 91 92 
93 94 95 
96 97 98 
99 100 101 
102 103 104 
105 106 107 
108 109 110 
111 112 113 
114 115 116 
117 118 119 
120 121 122 
123 124 125 
126 127 128 
129 130 131 
132 133 134 
135 136 137 
138 139 140 
141 142 143 
144 145 146 
147 148 149 
150 151 152 
153 154 155 
156 157 158 
159 160 161 
162 163 164 
165 166 167 
168 169 170 
171 172 173 
174 175 176 
177 178 179 
180 181 182 
183 184 185 
186 187 188 
189 190 191 
192 193 194 
195 196 197 
198 199 200 
201 202 203 
204 205 206 
207 208 209 
210 211 212 
213 214 215 
216 217 218 
219 220 221 
222 223 224 
225 226 227 
228 229 230 
231 232 233 
234 235 236 
237 238 239 
240 241 242 
243 244 245 
246 247 248 
249 250 251 
252 253 254 
255 256 257 
258 259 260 
261 262 263 
264 265 266 
267 268 269 
270 271 272 
273 274 275 
276 277 278 
279 280 281 
282 283 284 
285 286 287 
288 289 290 
291 292 293 
294 295 296 
297 298 299 
300 301 302 
303 304 305 
306 307 308 
309 310 311 
312 313 314 
315 316 317 
318 319 320 
321 322 323 
324 325 326 
327 328 329 
330 331 332 
333 334 335 
336 337 338 
339 340 341 
342 343 344 
345 346 347 
348 349 350 
351 352 353 
354 355 356 
357 358 359 
360 361 362 
363 364 365 
366 367 368 
369 370 371 
372 373 374 
375 376 377 
378 379 380 
381 382 383 
0 384 385 
1 386 387 
2 388 389 
3 390 391 
4 392 393 
5 394 395 
6 396 397 
7 398 399 
8 400 401 
9 402 403 
10 404 405 
11 406 407 
12 408 409 
13 410 411 
14 412 413 
15 414 415 
16 416 417 
17 418 419 
18 420 421 
19 422 423 
20 424 425 
21 426 427 
22 428 429 
23 430 431 
24 432 433 
25 434 435 
26 436 437 
27 438 439 
28 440 441 
29 442 443 
30 444 445 
31 446 447 
32 448 449 
33 450 451 
34 452 453 
35 454 455 
36 456 457 
37 458 459 
38 460 461 
39 462 463 
40 464 465 
41 466 467 
42 468 469 
43 470 471 
44 472 473 
45 474 475 
46 476 477 
47 478 479 
48 480 481 
49 482 483 
50 484 485 
51 486 487 
52 488 489 
53 490 491 
54 492 493 
55 494 495 
56 496 497 
57 498 499 
58 500 501 
59 502 503 
60 504 505 
61 506 507 
62 508 509 
63 510 511 
64 512 513 
65 514 515 
66 516 517 
67 518 519 
68 520 521 
69 522 523 
70 524 525 
71 526 527 
72 528 529 
73 530 531 
74 532 533 
75 534 535 
76 536 537 
77 538 539 
78 540 541 
79 542 543 
80 544 545 
81 546 547 
82 548 549 
83 550 551 
84 552 553 
85 554 555 
86 556 557 
87 558 559 
88 560 561 
89 562 563 
90 564 565 
91 566 567 
92 568 569 
93 570 571 
94 572 573 
95 574 575 
96 576 577 
97 578 388 
98 387 579 
99 580 581 
100 582 384 
101 389 583 
102 584 585 
103 586 386 
104 385 587 
105 588 589 
106 590 394 
107 393 591 
108 592 593 
109 594 390 
110 395 595 
111 596 597 
112 598 392 
113 391 599 
114 600 601 
115 602 400 
116 399 603 
117 604 605 
118 606 396 
119 401 607 
120 608 609 
121 610 398 
122 397 611 
123 612 613 
124 614 406 
125 405 615 
126 616 617 
127 618 402 
128 407 619 
129 620 621 
130 622 404 
131 403 623 
132 624 625 
133 626 412 
134 411 627 
135 628 629 
136 630 408 
137 413 631 
138 632 633 
139 634 410 
140 409 635 
141 636 637 
142 638 418 
143 417 639 
144 640 641 
145 642 414 
146 419 643 
147 644 645 
148 646 416 
149 415 647 
150 648 649 
151 650 424 
152 423 651 
153 652 653 
154 654 420 
155 425 655 
156 656 657 
157 658 422 
158 421 659 
159 660 661 
160 662 430 
161 429 663 
162 664 665 
163 666 426 
164 431 667 
165 668 669 
166 670 428 
167 427 671 
168 672 673 
169 674 436 
170 435 675 
171 676 584 
172 587 432 
173 437 677 
174 581 678 
175 679 434 
176 433 582 
177 680 681 
178 682 442 
179 441 683 
180 684 576 
181 579 438 
182 443 685 
183 585 686 
184 687 440 
185 439 586 
186 688 689 
187 690 448 
188 447 691 
189 692 580 
190 583 444 
191 449 693 
192 577 694 
193 695 446 
194 445 578 
195 696 697 
196 698 454 
197 453 699 
198 700 596 
199 599 450 
200 455 701 
201 593 702 
202 703 452 
203 451 594 
204 704 705 
205 706 460 
206 459 707 
207 708 588 
208 591 456 
209 461 709 
210 597 710 
211 711 458 
212 457 598 
213 712 713 
214 714 466 
215 465 715 
216 716 592 
217 595 462 
218 467 717 
219 589 718 
220 719 464 
221 463 590 
222 720 721 
223 722 472 
224 471 723 
225 724 608 
226 611 468 
227 473 725 
228 605 726 
229 727 470 
230 469 606 
231 728 688 
232 691 478 
233 477 729 
234 694 600 
235 603 474 
236 479 695 
237 609 730 
238 731 476 
239 475 610 
240 681 732 
241 733 484 
242 483 682 
243 734 604 
244 607 480 
245 485 735 
246 601 684 
247 685 482 
248 481 602 
249 736 737 
250 738 490 
251 489 739 
252 740 620 
253 623 486 
254 491 741 
255 617 742 
256 743 488 
257 487 618 
258 744 672 
259 675 496 
260 495 745 
261 678 612 
262 615 492 
263 497 679 
264 621 746 
265 747 494 
266 493 622 
267 689 748 
268 749 502 
269 501 690 
270 750 616 
271 619 498 
272 503 751 
273 613 692 
274 693 500 
275 499 614 
276 752 753 
277 754 508 
278 507 755 
279 756 632 
280 635 504 
281 509 757 
282 629 758 
283 759 506 
284 505 630 
285 760 680 
286 683 514 
287 513 761 
288 686 624 
289 627 510 
290 515 687 
291 633 762 
292 763 512 
293 511 634 
294 673 764 
295 765 520 
296 519 674 
297 766 628 
298 631 516 
299 521 767 
300 625 676 
301 677 518 
302 517 626 
303 753 768 
304 769 526 
305 525 754 
306 770 644 
307 647 522 
308 527 771 
309 641 756 
310 757 524 
311 523 642 
312 772 712 
313 715 532 
314 531 773 
315 718 636 
316 639 528 
317 533 719 
318 645 774 
319 775 530 
320 529 646 
321 705 760 
322 761 538 
323 537 706 
324 762 640 
325 643 534 
326 539 763 
327 637 708 
328 709 536 
329 535 638 
330 776 777 
331 778 544 
332 543 779 
333 780 656 
334 659 540 
335 545 781 
336 653 782 
337 783 542 
338 541 654 
339 784 696 
340 699 550 
341 549 785 
342 702 648 
343 651 546 
344 551 703 
345 657 786 
346 787 548 
347 547 658 
348 713 788 
349 789 556 
350 555 714 
351 790 652 
352 655 552 
353 557 791 
354 649 716 
355 717 554 
356 553 650 
357 792 720 
358 723 562 
359 561 793 
360 726 668 
361 671 558 
362 563 727 
363 665 794 
364 795 560 
365 559 666 
366 732 704 
367 707 568 
368 567 733 
369 710 660 
370 663 564 
371 569 711 
372 669 734 
373 735 566 
374 565 670 
375 697 796 
376 797 574 
377 573 698 
378 798 664 
379 667 570 
380 575 799 
381 661 700 
382 701 572 
383 571 662 
800 2 1 
801 0 2 
802 1 0 
803 5 4 
804 3 5 
805 4 3 
806 8 7 
807 6 8 
808 7 6 
809 11 10 
810 9 11 
811 10 9 
812 14 13 
813 12 14 
814 13 12 
815 17 16 
816 15 17 
817 16 15 
818 20 19 
819 18 20 
820 19 18 
821 23 22 
822 21 23 
823 22 21 
824 26 25 
825 24 26 
826 25 24 
827 29 28 
828 27 29 
829 28 27 
830 32 31 
831 30 32 
832 31 30 
833 35 34 
834 33 35 
835 34 33 
836 38 37 
837 36 38 
838 37 36 
839 41 40 
840 39 41 
841 40 39 
842 44 43 
843 42 44 
844 43 42 
845 47 46 
846 45 47 
847 46 45 
848 50 49 
849 48 50 
850 49 48 
851 53 52 
852 51 53 
853 52 51 
854 56 55 
855 54 56 
856 55 54 
857 59 58 
858 57 59 
859 58 57 
860 62 61 
861 60 62 
862 61 60 
863 65 64 
864 63 65 
865 64 63 
866 68 67 
867 66 68 
868 67 66 
869 71 70 
870 69 71 
871 70 69 
872 74 73 
873 72 74 
874 73 72 
875 77 76 
876 75 77 
877 76 75 
878 80 79 
879 78 80 
880 79 78 
881 83 82 
882 81 83 
883 82 81 
884 86 85 
885 84 86 
886 85 84 
887 89 88 
888 87 89 
889 88 87 
890 92 91 
891 90 92 
892 91 90 
893 95 94 
894 93 95 
895 94 93 
800 98 97 
896 96 98 
897 97 96 
801 101 100 
898 99 101 
899 100 99 
802 104 103 
900 102 104 
901 103 102 
803 107 106 
902 105 107 
903 106 105 
804 110 109 
904 108 110 
905 109 108 
805 113 112 
906 111 113 
907 112 111 
806 116 115 
908 114 116 
909 115 114 
807 119 118 
910 117 119 
911 118 117 
808 122 121 
912 120 122 
913 121 120 
809 125 124 
914 123 125 
915 124 123 
810 128 127 
916 126 128 
917 127 126 
811 131 130 
918 129 131 
919 130 129 
812 134 133 
920 132 134 
921 133 132 
813 137 136 
922 135 137 
923 136 135 
814 140 139 
924 138 140 
925 139 138 
815 143 142 
926 141 143 
927 142 141 
816 146 145 
928 144 146 
929 145 144 
817 149 148 
930 147 149 
931 148 147 
818 152 151 
932 150 152 
933 151 150 
819 155 154 
934 153 155 
935 154 153 
820 158 157 
936 156 158 
937 157 156 
821 161 160 
938 159 161 
939 160 159 
822 164 163 
940 162 164 
941 163 162 
823 167 166 
942 165 167 
943 166 165 
824 170 169 
944 168 170 
945 169 168 
825 173 172 
946 171 173 
900 172 171 
826 176 175 
899 174 176 
947 175 174 
827 179 178 
948 177 179 
949 178 177 
828 182 181 
950 180 182 
896 181 180 
829 185 184 
901 183 185 
951 184 183 
830 188 187 
952 186 188 
953 187 186 
831 191 190 
954 189 191 
898 190 189 
832 194 193 
897 192 194 
955 193 192 
833 197 196 
956 195 197 
957 196 195 
834 200 199 
958 198 200 
906 199 198 
835 203 202 
905 201 203 
959 202 201 
836 206 205 
960 204 206 
961 205 204 
837 209 208 
962 207 209 
902 208 207 
838 212 211 
907 210 212 
963 211 210 
839 215 214 
964 213 215 
965 214 213 
840 218 217 
966 216 218 
904 217 216 
841 221 220 
903 219 221 
967 220 219 
842 224 223 
968 222 224 
969 223 222 
843 227 226 
970 225 227 
912 226 225 
844 230 229 
911 228 230 
971 229 228 
845 233 232 
972 231 233 
952 232 231 
846 236 235 
955 234 236 
908 235 234 
847 239 238 
913 237 239 
973 238 237 
848 242 241 
949 240 242 
974 241 240 
849 245 244 
975 243 245 
910 244 243 
850 248 247 
909 246 248 
950 247 246 
851 251 250 
976 249 251 
977 250 249 
852 254 253 
978 252 254 
918 253 252 
853 257 256 
917 255 257 
979 256 255 
854 260 259 
980 258 260 
944 259 258 
855 263 262 
947 261 263 
914 262 261 
856 266 265 
919 264 266 
981 265 264 
857 269 268 
953 267 269 
982 268 267 
858 272 271 
983 270 272 
916 271 270 
859 275 274 
915 273 275 
954 274 273 
860 278 277 
984 276 278 
985 277 276 
861 281 280 
986 279 281 
924 280 279 
862 284 283 
923 282 284 
987 283 282 
863 287 286 
988 285 287 
948 286 285 
864 290 289 
951 288 290 
920 289 288 
865 293 292 
925 291 293 
989 292 291 
866 296 295 
945 294 296 
990 295 294 
867 299 298 
991 297 299 
922 298 297 
868 302 301 
921 300 302 
946 301 300 
869 305 304 
985 303 305 
992 304 303 
870 308 307 
993 306 308 
930 307 306 
871 311 310 
929 309 311 
986 310 309 
872 314 313 
994 312 314 
964 313 312 
873 317 316 
967 315 317 
926 316 315 
874 320 319 
931 318 320 
995 319 318 
875 323 322 
961 321 323 
988 322 321 
876 326 325 
989 324 326 
928 325 324 
877 329 328 
927 327 329 
962 328 327 
878 332 331 
996 330 332 
997 331 330 
879 335 334 
998 333 335 
936 334 333 
880 338 337 
935 336 338 
999 337 336 
881 341 340 
1000 339 341 
956 340 339 
882 344 343 
959 342 344 
932 343 342 
883 347 346 
937 345 347 
1001 346 345 
884 350 349 
965 348 350 
1002 349 348 
885 353 352 
1003 351 353 
934 352 351 
886 356 355 
933 354 356 
966 355 354 
887 359 358 
1004 357 359 
968 358 357 
888 362 361 
971 360 362 
942 361 360 
889 365 364 
941 363 365 
1005 364 363 
890 368 367 
974 366 368 
960 367 366 
891 371 370 
963 369 371 
938 370 369 
892 374 373 
943 372 374 
975 373 372 
893 377 376 
957 375 377 
1006 376 375 
894 380 379 
1007 378 380 
940 379 378 
895 383 382 
939 381 383 
958 382 381 
1008 385 384 
802 0 385 
801 384 0 
1009 387 386 
800 1 387 
802 386 1 
1010 389 388 
801 2 389 
800 388 2 
1011 391 390 
805 3 391 
804 390 3 
1012 393 392 
803 4 393 
805 392 4 
1013 395 394 
804 5 395 
803 394 5 
1014 397 396 
808 6 397 
807 396 6 
1015 399 398 
806 7 399 
808 398 7 
1016 401 400 
807 8 401 
806 400 8 
1017 403 402 
811 9 403 
810 402 9 
1018 405 404 
809 10 405 
811 404 10 
1019 407 406 
810 11 407 
809 406 11 
1020 409 408 
814 12 409 
813 408 12 
1021 411 410 
812 13 411 
814 410 13 
1022 413 412 
813 14 413 
812 412 14 
1023 415 414 
817 15 415 
816 414 15 
1024 417 416 
815 16 417 
817 416 16 
1025 419 418 
816 17 419 
815 418 17 
1026 421 420 
820 18 421 
819 420 18 
1027 423 422 
818 19 423 
820 422 19 
1028 425 424 
819 20 425 
818 424 20 
1029 427 426 
823 21 427 
822 426 21 
1030 429 428 
821 22 429 
823 428 22 
1031 431 430 
822 23 431 
821 430 23 
1008 433 432 
826 24 433 
825 432 24 
1032 435 434 
824 25 435 
826 434 25 
1033 437 436 
825 26 437 
824 436 26 
1009 439 438 
829 27 439 
828 438 27 
1034 441 440 
827 28 441 
829 440 28 
1035 443 442 
828 29 443 
827 442 29 
1010 445 444 
832 30 445 
831 444 30 
1036 447 446 
830 31 447 
832 446 31 
1037 449 448 
831 32 449 
830 448 32 
1011 451 450 
835 33 451 
834 450 33 
1038 453 452 
833 34 453 
835 452 34 
1039 455 454 
834 35 455 
833 454 35 
1012 457 456 
838 36 457 
837 456 36 
1040 459 458 
836 37 459 
838 458 37 
1041 461 460 
837 38 461 
836 460 38 
1013 463 462 
841 39 463 
840 462 39 
1042 465 464 
839 40 465 
841 464 40 
1043 467 466 
840 41 467 
839 466 41 
1014 469 468 
844 42 469 
843 468 42 
1044 471 470 
842 43 471 
844 470 43 
1045 473 472 
843 44 473 
842 472 44 
1015 475 474 
847 45 475 
846 474 45 
1046 477 476 
845 46 477 
847 476 46 
1036 479 478 
846 47 479 
845 478 47 
1016 481 480 
850 48 481 
849 480 48 
1035 483 482 
848 49 483 
850 482 49 
1047 485 484 
849 50 485 
848 484 50 
1017 487 486 
853 51 487 
852 486 51 
1048 489 488 
851 52 489 
853 488 52 
1049 491 490 
852 53 491 
851 490 53 
1018 493 492 
856 54 493 
855 492 54 
1050 495 494 
854 55 495 
856 494 55 
1032 497 496 
855 56 497 
854 496 56 
1019 499 498 
859 57 499 
858 498 57 
1037 501 500 
857 58 501 
859 500 58 
1051 503 502 
858 59 503 
857 502 59 
1020 505 504 
862 60 505 
861 504 60 
1052 507 506 
860 61 507 
862 506 61 
1053 509 508 
861 62 509 
860 508 62 
1021 511 510 
865 63 511 
864 510 63 
1054 513 512 
863 64 513 
865 512 64 
1034 515 514 
864 65 515 
863 514 65 
1022 517 516 
868 66 517 
867 516 66 
1033 519 518 
866 67 519 
868 518 67 
1055 521 520 
867 68 521 
866 520 68 
1023 523 522 
871 69 523 
870 522 69 
1053 525 524 
869 70 525 
871 524 70 
1056 527 526 
870 71 527 
869 526 71 
1024 529 528 
874 72 529 
873 528 72 
1057 531 530 
872 73 531 
874 530 73 
1042 533 532 
873 74 533 
872 532 74 
1025 535 534 
877 75 535 
876 534 75 
1041 537 536 
875 76 537 
877 536 76 
1054 539 538 
876 77 539 
875 538 77 
1026 541 540 
880 78 541 
879 540 78 
1058 543 542 
878 79 543 
880 542 79 
1059 545 544 
879 80 545 
878 544 80 
1027 547 546 
883 81 547 
882 546 81 
1060 549 548 
881 82 549 
883 548 82 
1038 551 550 
882 83 551 
881 550 83 
1028 553 552 
886 84 553 
885 552 84 
1043 555 554 
884 85 555 
886 554 85 
1061 557 556 
885 86 557 
884 556 86 
1029 559 558 
889 87 559 
888 558 87 
1062 561 560 
887 88 561 
889 560 88 
1044 563 562 
888 89 563 
887 562 89 
1030 565 564 
892 90 565 
891 564 90 
1047 567 566 
890 91 567 
892 566 91 
1040 569 568 
891 92 569 
890 568 92 
1031 571 570 
895 93 571 
894 570 93 
1039 573 572 
893 94 573 
895 572 94 
1063 575 574 
894 95 575 
893 574 95 
1064 577 576 
897 96 577 
896 576 96 
1010 388 578 
800 97 388 
897 578 97 
1009 579 387 
896 98 579 
800 387 98 
1065 581 580 
899 99 581 
898 580 99 
1008 384 582 
801 100 384 
899 582 100 
1010 583 389 
898 101 583 
801 389 101 
1066 585 584 
901 102 585 
900 584 102 
1009 386 586 
802 103 386 
901 586 103 
1008 587 385 
900 104 587 
802 385 104 
1067 589 588 
903 105 589 
902 588 105 
1013 394 590 
803 106 394 
903 590 106 
1012 591 393 
902 107 591 
803 393 107 
1068 593 592 
905 108 593 
904 592 108 
1011 390 594 
804 109 390 
905 594 109 
1013 595 395 
904 110 595 
804 395 110 
1069 597 596 
907 111 597 
906 596 111 
1012 392 598 
805 112 392 
907 598 112 
1011 599 391 
906 113 599 
805 391 113 
1064 601 600 
909 114 601 
908 600 114 
1016 400 602 
806 115 400 
909 602 115 
1015 603 399 
908 116 603 
806 399 116 
1070 605 604 
911 117 605 
910 604 117 
1014 396 606 
807 118 396 
911 606 118 
1016 607 401 
910 119 607 
807 401 119 
1071 609 608 
913 120 609 
912 608 120 
1015 398 610 
808 121 398 
913 610 121 
1014 611 397 
912 122 611 
808 397 122 
1065 613 612 
915 123 613 
914 612 123 
1019 406 614 
809 124 406 
915 614 124 
1018 615 405 
914 125 615 
809 405 125 
1072 617 616 
917 126 617 
916 616 126 
1017 402 618 
810 127 402 
917 618 127 
1019 619 407 
916 128 619 
810 407 128 
1073 621 620 
919 129 621 
918 620 129 
1018 404 622 
811 130 404 
919 622 130 
1017 623 403 
918 131 623 
811 403 131 
1066 625 624 
921 132 625 
920 624 132 
1022 412 626 
812 133 412 
921 626 133 
1021 627 411 
920 134 627 
812 411 134 
1074 629 628 
923 135 629 
922 628 135 
1020 408 630 
813 136 408 
923 630 136 
1022 631 413 
922 137 631 
813 413 137 
1075 633 632 
925 138 633 
924 632 138 
1021 410 634 
814 139 410 
925 634 139 
1020 635 409 
924 140 635 
814 409 140 
1067 637 636 
927 141 637 
926 636 141 
1025 418 638 
815 142 418 
927 638 142 
1024 639 417 
926 143 639 
815 417 143 
1075 641 640 
929 144 641 
928 640 144 
1023 414 642 
816 145 414 
929 642 145 
1025 643 419 
928 146 643 
816 419 146 
1076 645 644 
931 147 645 
930 644 147 
1024 416 646 
817 148 416 
931 646 148 
1023 647 415 
930 149 647 
817 415 149 
1068 649 648 
933 150 649 
932 648 150 
1028 424 650 
818 151 424 
933 650 151 
1027 651 423 
932 152 651 
818 423 152 
1077 653 652 
935 153 653 
934 652 153 
1026 420 654 
819 154 420 
935 654 154 
1028 655 425 
934 155 655 
819 425 155 
1078 657 656 
937 156 657 
936 656 156 
1027 422 658 
820 157 422 
937 658 157 
1026 659 421 
936 158 659 
820 421 158 
1069 661 660 
939 159 661 
938 660 159 
1031 430 662 
821 160 430 
939 662 160 
1030 663 429 
938 161 663 
821 429 161 
1079 665 664 
941 162 665 
940 664 162 
1029 426 666 
822 163 426 
941 666 163 
1031 667 431 
940 164 667 
822 431 164 
1070 669 668 
943 165 669 
942 668 165 
1030 428 670 
823 166 428 
943 670 166 
1029 671 427 
942 167 671 
823 427 167 
1080 673 672 
945 168 673 
944 672 168 
1033 436 674 
824 169 436 
945 674 169 
1032 675 435 
944 170 675 
824 435 170 
1066 584 676 
900 171 584 
946 676 171 
1008 432 587 
825 172 432 
900 587 172 
1033 677 437 
946 173 677 
825 437 173 
1065 678 581 
947 174 678 
899 581 174 
1032 434 679 
826 175 434 
947 679 175 
1008 582 433 
899 176 582 
826 433 176 
1081 681 680 
949 177 681 
948 680 177 
1035 442 682 
827 178 442 
949 682 178 
1034 683 441 
948 179 683 
827 441 179 
1064 576 684 
896 180 576 
950 684 180 
1009 438 579 
828 181 438 
896 579 181 
1035 685 443 
950 182 685 
828 443 182 
1066 686 585 
951 183 686 
901 585 183 
1034 440 687 
829 184 440 
951 687 184 
1009 586 439 
901 185 586 
829 439 185 
1082 689 688 
953 186 689 
952 688 186 
1037 448 690 
830 187 448 
953 690 187 
1036 691 447 
952 188 691 
830 447 188 
1065 580 692 
898 189 580 
954 692 189 
1010 444 583 
831 190 444 
898 583 190 
1037 693 449 
954 191 693 
831 449 191 
1064 694 577 
955 192 694 
897 577 192 
1036 446 695 
832 193 446 
955 695 193 
1010 578 445 
897 194 578 
832 445 194 
1083 697 696 
957 195 697 
956 696 195 
1039 454 698 
833 196 454 
957 698 196 
1038 699 453 
956 197 699 
833 453 197 
1069 596 700 
906 198 596 
958 700 198 
1011 450 599 
834 199 450 
906 599 199 
1039 701 455 
958 200 701 
834 455 200 
1068 702 593 
959 201 702 
905 593 201 
1038 452 703 
835 202 452 
959 703 202 
1011 594 451 
905 203 594 
835 451 203 
1081 705 704 
961 204 705 
960 704 204 
1041 460 706 
836 205 460 
961 706 205 
1040 707 459 
960 206 707 
836 459 206 
1067 588 708 
902 207 588 
962 708 207 
1012 456 591 
837 208 456 
902 591 208 
1041 709 461 
962 209 709 
837 461 209 
1069 710 597 
963 210 710 
907 597 210 
1040 458 711 
838 211 458 
963 711 211 
1012 598 457 
907 212 598 
838 457 212 
1084 713 712 
965 213 713 
964 712 213 
1043 466 714 
839 214 466 
965 714 214 
1042 715 465 
964 215 715 
839 465 215 
1068 592 716 
904 216 592 
966 716 216 
1013 462 595 
840 217 462 
904 595 217 
1043 717 467 
966 218 717 
840 467 218 
1067 718 589 
967 219 718 
903 589 219 
1042 464 719 
841 220 464 
967 719 220 
1013 590 463 
903 221 590 
841 463 221 
1085 721 720 
969 222 721 
968 720 222 
1045 472 722 
842 223 472 
969 722 223 
1044 723 471 
968 224 723 
842 471 224 
1071 608 724 
912 225 608 
970 724 225 
1014 468 611 
843 226 468 
912 611 226 
1045 725 473 
970 227 725 
843 473 227 
1070 726 605 
971 228 726 
911 605 228 
1044 470 727 
844 229 470 
971 727 229 
1014 606 469 
911 230 606 
844 469 230 
1082 688 728 
952 231 688 
972 728 231 
1036 478 691 
845 232 478 
952 691 232 
1046 729 477 
972 233 729 
845 477 233 
1064 600 694 
908 234 600 
955 694 234 
1015 474 603 
846 235 474 
908 603 235 
1036 695 479 
955 236 695 
846 479 236 
1071 730 609 
973 237 730 
913 609 237 
1046 476 731 
847 238 476 
973 731 238 
1015 610 475 
913 239 610 
847 475 239 
1081 732 681 
974 240 732 
949 681 240 
1047 484 733 
848 241 484 
974 733 241 
1035 682 483 
949 242 682 
848 483 242 
1070 604 734 
910 243 604 
975 734 243 
1016 480 607 
849 244 480 
910 607 244 
1047 735 485 
975 245 735 
849 485 245 
1064 684 601 
950 246 684 
909 601 246 
1035 482 685 
850 247 482 
950 685 247 
1016 602 481 
909 248 602 
850 481 248 
1086 737 736 
977 249 737 
976 736 249 
1049 490 738 
851 250 490 
977 738 250 
1048 739 489 
976 251 739 
851 489 251 
1073 620 740 
918 252 620 
978 740 252 
1017 486 623 
852 253 486 
918 623 253 
1049 741 491 
978 254 741 
852 491 254 
1072 742 617 
979 255 742 
917 617 255 
1048 488 743 
853 256 488 
979 743 256 
1017 618 487 
917 257 618 
853 487 257 
1080 672 744 
944 258 672 
980 744 258 
1032 496 675 
854 259 496 
944 675 259 
1050 745 495 
980 260 745 
854 495 260 
1065 612 678 
914 261 612 
947 678 261 
1018 492 615 
855 262 492 
914 615 262 
1032 679 497 
947 263 679 
855 497 263 
1073 746 621 
981 264 746 
919 621 264 
1050 494 747 
856 265 494 
981 747 265 
1018 622 493 
919 266 622 
856 493 266 
1082 748 689 
982 267 748 
953 689 267 
1051 502 749 
857 268 502 
982 749 268 
1037 690 501 
953 269 690 
857 501 269 
1072 616 750 
916 270 616 
983 750 270 
1019 498 619 
858 271 498 
916 619 271 
1051 751 503 
983 272 751 
858 503 272 
1065 692 613 
954 273 692 
915 613 273 
1037 500 693 
859 274 500 
954 693 274 
1019 614 499 
915 275 614 
859 499 275 
1087 753 752 
985 276 753 
984 752 276 
1053 508 754 
860 277 508 
985 754 277 
1052 755 507 
984 278 755 
860 507 278 
1075 632 756 
924 279 632 
986 756 279 
1020 504 635 
861 280 504 
924 635 280 
1053 757 509 
986 281 757 
861 509 281 
1074 758 629 
987 282 758 
923 629 282 
1052 506 759 
862 283 506 
987 759 283 
1020 630 505 
923 284 630 
862 505 284 
1081 680 760 
948 285 680 
988 760 285 
1034 514 683 
863 286 514 
948 683 286 
1054 761 513 
988 287 761 
863 513 287 
1066 624 686 
920 288 624 
951 686 288 
1021 510 627 
864 289 510 
920 627 289 
1034 687 515 
951 290 687 
864 515 290 
1075 762 633 
989 291 762 
925 633 291 
1054 512 763 
865 292 512 
989 763 292 
1021 634 511 
925 293 634 
865 511 293 
1080 764 673 
990 294 764 
945 673 294 
1055 520 765 
866 295 520 
990 765 295 
1033 674 519 
945 296 674 
866 519 296 
1074 628 766 
922 297 628 
991 766 297 
1022 516 631 
867 298 516 
922 631 298 
1055 767 521 
991 299 767 
867 521 299 
1066 676 625 
946 300 676 
921 625 300 
1033 518 677 
868 301 518 
946 677 301 
1022 626 517 
921 302 626 
868 517 302 
1087 768 753 
992 303 768 
985 753 303 
1056 526 769 
869 304 526 
992 769 304 
1053 754 525 
985 305 754 
869 525 305 
1076 644 770 
930 306 644 
993 770 306 
1023 522 647 
870 307 522 
930 647 307 
1056 771 527 
993 308 771 
870 527 308 
1075 756 641 
986 309 756 
929 641 309 
1053 524 757 
871 310 524 
986 757 310 
1023 642 523 
929 311 642 
871 523 311 
1084 712 772 
964 312 712 
994 772 312 
1042 532 715 
872 313 532 
964 715 313 
1057 773 531 
994 314 773 
872 531 314 
1067 636 718 
926 315 636 
967 718 315 
1024 528 639 
873 316 528 
926 639 316 
1042 719 533 
967 317 719 
873 533 317 
1076 774 645 
995 318 774 
931 645 318 
1057 530 775 
874 319 530 
995 775 319 
1024 646 529 
931 320 646 
874 529 320 
1081 760 705 
988 321 760 
961 705 321 
1054 538 761 
875 322 538 
988 761 322 
1041 706 537 
961 323 706 
875 537 323 
1075 640 762 
928 324 640 
989 762 324 
1025 534 643 
876 325 534 
928 643 325 
1054 763 539 
989 326 763 
876 539 326 
1067 708 637 
962 327 708 
927 637 327 
1041 536 709 
877 328 536 
962 709 328 
1025 638 535 
927 329 638 
877 535 329 
1088 777 776 
997 330 777 
996 776 330 
1059 544 778 
878 331 544 
997 778 331 
1058 779 543 
996 332 779 
878 543 332 
1078 656 780 
936 333 656 
998 780 333 
1026 540 659 
879 334 540 
936 659 334 
1059 781 545 
998 335 781 
879 545 335 
1077 782 653 
999 336 782 
935 653 336 
1058 542 783 
880 337 542 
999 783 337 
1026 654 541 
935 338 654 
880 541 338 
1083 696 784 
956 339 696 
1000 784 339 
1038 550 699 
881 340 550 
956 699 340 
1060 785 549 
1000 341 785 
881 549 341 
1068 648 702 
932 342 648 
959 702 342 
1027 546 651 
882 343 546 
932 651 343 
1038 703 551 
959 344 703 
882 551 344 
1078 786 657 
1001 345 786 
937 657 345 
1060 548 787 
883 346 548 
1001 787 346 
1027 658 547 
937 347 658 
883 547 347 
1084 788 713 
1002 348 788 
965 713 348 
1061 556 789 
884 349 556 
1002 789 349 
1043 714 555 
965 350 714 
884 555 350 
1077 652 790 
934 351 652 
1003 790 351 
1028 552 655 
885 352 552 
934 655 352 
1061 791 557 
1003 353 791 
885 557 353 
1068 716 649 
966 354 716 
933 649 354 
1043 554 717 
886 355 554 
966 717 355 
1028 650 553 
933 356 650 
886 553 356 
1085 720 792 
968 357 720 
1004 792 357 
1044 562 723 
887 358 562 
968 723 358 
1062 793 561 
1004 359 793 
887 561 359 
1070 668 726 
942 360 668 
971 726 360 
1029 558 671 
888 361 558 
942 671 361 
1044 727 563 
971 362 727 
888 563 362 
1079 794 665 
1005 363 794 
941 665 363 
1062 560 795 
889 364 560 
1005 795 364 
1029 666 559 
941 365 666 
889 559 365 
1081 704 732 
960 366 704 
974 732 366 
1040 568 707 
890 367 568 
960 707 367 
1047 733 567 
974 368 733 
890 567 368 
1069 660 710 
938 369 660 
963 710 369 
1030 564 663 
891 370 564 
938 663 370 
1040 711 569 
963 371 711 
891 569 371 
1070 734 669 
975 372 734 
943 669 372 
1047 566 735 
892 373 566 
975 735 373 
1030 670 565 
943 374 670 
892 565 374 
1083 796 697 
1006 375 796 
957 697 375 
1063 574 797 
893 376 574 
1006 797 376 
1039 698 573 
957 377 698 
893 573 377 
1079 664 798 
940 378 664 
1007 798 378 
1031 570 667 
894 379 570 
940 667 379 
1063 799 575 
1007 380 799 
894 575 380 
1069 700 661 
958 381 700 
939 661 381 
1039 572 701 
895 382 572 
958 701 382 
1031 662 571 
939 383 662 
895 571 383 
