1
2
3
4
5
6
7
8
9
11
12
15
16
20
23
28
29
31
35
40
42
46
49
51
52
55
58
59
63
64
68
71
85
108
110
136
137
142
161
169
192
193
194
195
203
204
205
208
211
212
213
217
218
219
220
222
224
226
228
229
532
537
538
543
568
569
615
616
617
618
668
669
670
673
685
686
718
723
739
740
782
783
784
785
786
787
790
791
804
805
806
807
808
809
814
815
820
821
822
823
824
825
832
833
834
835
836
837
838
839
840
845
846
847
850
851
852
853
856
857
2662
2665
2671
2672
2674
2677
2683
2684
2734
2735
2736
2737
2827
2828
2830
2831
2832
2833
2834
2837
2934
2935
2936
2937
2938
2941
2943
2944
2967
2968
2970
2973
3034
3037
3043
3044
3075
3076
3078
3081
3162
3163
3164
3165
3166
3167
3168
3169
3170
3171
3172
3173
3177
3178
3180
3181
3206
3207
3208
3209
3210
3211
3212
3213
3214
3215
3216
3217
3226
3227
3228
3229
3238
3239
3240
3241
3242
3243
3244
3245
3246
3247
3248
3249
3262
3263
3264
3265
3266
3267
3268
3269
3270
3271
3272
3273
3274
3275
3276
3277
3278
3281
3287
3288
3290
3291
3292
3293
3298
3299
3300
3301
3302
3303
3304
3307
3310
3311
3312
3313
