 0.0000000   0.0000000
 1.0000000   0.0000000
 1.0000000   1.0000000
 0.0000000   1.0000000
 0.0000000   0.3400000
 0.6600000   1.0000000
 0.5000000   0.0000000
 1.0000000   0.5000000
 0.2500000   0.0000000
 0.3750000   0.3538235
 0.0000000   0.6700000
 0.2500000   1.0000000
 0.7224279   0.2775721
 0.6182395   0.6324800
 0.0000000   0.1250000
 0.1250000   0.0000000
 0.1875000   0.1875000
 0.3750000   0.1458333
 0.5611510   0.1789032
 0.7500000   0.0000000
 0.5591607   0.3632966
 0.7189573   0.4693002
 1.0000000   0.7500000
 0.8229898   0.6461836
 0.4584428   0.5264764
 0.4023787   0.7844368
 0.2108748   0.5396353
 0.8750000   1.0000000
 1.0000000   0.8750000
 0.8443945   0.8125000
 1.0000000   0.2500000
 0.8713293   0.3761629
 0.7135556   0.7448032
 0.5597614   0.7787075
 0.4550000   1.0000000
 0.7261889   0.8806724
 0.4768464   0.6655488
 0.3210670   0.6507396
 0.2098303   0.8099658
 0.0000000   0.2325000
 0.1120500   0.2862500
 0.0000000   0.5050000
 0.2460021   0.3103974
 0.1084918   0.4225000
 0.2687500   0.1104167
 0.3750000   0.0000000
 0.4525381   0.2498284
 0.6987900   0.1350686
 0.8750000   0.0000000
 0.8531570   0.1826751
 0.6250000   0.0000000
 1.0000000   0.1250000
 0.7242355   0.5852305
 0.8312830   0.5222714
 1.0000000   0.6250000
 0.5877641   0.4936236
 0.3318996   0.4811442
 1.0000000   0.3750000
 0.3525000   1.0000000
 0.3012500   0.8899041
 0.4037500   0.9091665
 0.5278285   0.8990339
 0.1250000   1.0000000
 0.0000000   0.8350000
 0.1485539   0.6745618
 0.1117958   0.8801547
 0.1968750   0.0552083
 0.1875000   0.0000000
 0.2593750   0.0552083
 0.0742769   0.7547809
 0.0000000   0.7525000
 0.0742769   0.6722809
 0.4670803   0.3585601
 0.5088018   0.4448865
 0.4167214   0.4401500
 0.3750000   0.0729167
 0.3218750   0.1281250
 0.3218750   0.0552083
 0.7777592   0.5537509
 0.8271364   0.5842275
 0.7736126   0.6157070
 0.7789751   0.7786516
 0.7682727   0.6954934
 0.8336921   0.7293418
 0.3125000   0.0000000
 0.4680755   0.1623683
 0.5068445   0.2143658
 0.4137691   0.1978309
 0.5058494   0.3065625
 0.4137691   0.3018260
 0.1791921   0.7422638
 0.2348104   0.6626507
 0.2654487   0.7303527
 0.1497750   0.2368750
 0.2167511   0.2489487
 0.1790261   0.2983237
 0.6417894   0.2282376
 0.6299705   0.1569859
 0.7106090   0.2063203
 0.9114949   0.6355918
 0.9156415   0.5736357
 0.5383412   0.5794782
 0.5231035   0.5100500
 0.6030018   0.5630518
 0.4914143   0.9495169
 0.4293750   0.9545832
 0.4657893   0.9041002
 0.0625000   0.0000000
 0.0625000   0.0625000
 0.0000000   0.0625000
 0.0937500   0.2100000
 0.0560250   0.2593750
 0.1562500   0.0937500
 0.0937500   0.1562500
 0.1054374   0.5223177
 0.1797143   0.6070986
 0.0742769   0.5897809
 0.4375000   0.0729167
 0.5305755   0.0894516
 0.3750000   0.2498284
 0.3105011   0.3321105
 0.3105011   0.2281154
 0.9265785   0.1538375
 0.8640785   0.0913375
 0.9375000   0.0625000
 0.6407943   0.3204344
 0.5601558   0.2710999
 0.6618950   0.0675343
 0.5930755   0.0894516
 0.7206926   0.3734362
 0.6390590   0.4162984
 0.5734624   0.4284601
 0.7877924   0.2301236
 0.7759735   0.1588719
 0.9375000   0.9375000
 1.0000000   0.9375000
 0.9375000   1.0000000
 0.6559998   0.5394271
 0.6712375   0.6088552
 0.7968786   0.3268675
 0.7951433   0.4227316
 1.0000000   0.8125000
 0.9221973   0.8437500
 0.9221973   0.7812500
 0.5183039   0.7221281
 0.5475429   0.6490144
 0.5890004   0.7055938
 0.3951712   0.5038103
 0.3534498   0.4174839
 0.6366585   0.7617554
 0.6658975   0.6886416
 0.3617228   0.7175882
 0.3061045   0.7972013
 0.3989567   0.6581442
 0.3897549   0.5886080
 0.4676446   0.5960126
 0.1102709   0.3543750
 0.0542459   0.3812500
 0.0560250   0.3131250
 0.8005945   0.9403362
 0.7675000   1.0000000
 0.6930945   0.9403362
 0.9114949   0.6980918
 0.8596973   0.9062500
 0.7188956   0.6650169
 0.7243950   0.0675343
 0.8015785   0.0913375
 0.6533607   0.4814619
 1.0000000   0.3125000
 0.9356646   0.3755815
 0.9356646   0.3130815
 0.7198723   0.8127378
 0.7852917   0.8465862
 0.4396125   0.7249928
 0.4810700   0.7815721
 0.6429752   0.8296900
 0.4030643   0.8468016
 0.4651036   0.8417353
 0.3525000   0.8995353
 0.3781250   0.9545832
 0.3268750   0.9449520
 0.5939143   0.9495169
 0.6270087   0.8898532
 0.3518143   0.8371704
 0.2555402   0.8499350
 0.2713872   0.5103898
 0.3264833   0.5659419
 0.2659709   0.5951875
 0.2065229   0.8850294
 0.2756250   0.9449520
 0.1808979   0.9400773
 0.0000000   0.5875000
 0.0000000   0.2862500
 0.0000000   0.1787500
 0.0000000   0.4225000
 0.0542459   0.4637500
 0.1596833   0.4810677
 0.1772470   0.3664487
 0.2284384   0.4250164
 0.2281250   0.1489583
 0.2573761   0.2104070
 0.2889509   0.3957708
 0.4375000   0.0000000
 0.9375000   0.0000000
 1.0000000   0.0625000
 0.8622431   0.2794190
 0.9265785   0.2163375
 0.8125000   0.0000000
 0.7215964   0.5272654
 0.7751201   0.4957858
 0.5625000   0.0000000
 0.6875000   0.0000000
 1.0000000   0.1875000
 0.8513061   0.4492172
 0.9356646   0.4380815
 0.9156415   0.5111357
 1.0000000   0.5625000
 1.0000000   0.6875000
 0.3012500   1.0000000
 1.0000000   0.4375000
 0.0558979   0.9400773
 0.0000000   0.9175000
 0.0558979   0.8575773
 0.4037500   1.0000000
 0.5437950   0.8388707
 0.5575000   1.0000000
 0.1183979   0.9400773
 0.1875000   1.0000000
 0.0625000   1.0000000
 0.1608131   0.8450603
 0.1301748   0.7773583
 0.2234375   0.0276042
 0.2281250   0.0552083
 0.1921875   0.0276042
 0.0371385   0.7123905
 0.0742769   0.7135309
 0.0371385   0.7536405
 0.4627616   0.4425182
 0.4419009   0.3993550
 0.4879410   0.4017233
 0.3218750   0.0916667
 0.3484375   0.0640625
 0.3484375   0.1005208
 0.8003745   0.5999673
 0.7756859   0.5847290
 0.8024478   0.5689892
 0.8009824   0.7124176
 0.8063336   0.7539967
 0.7736239   0.7370725
 0.3171875   0.0276042
 0.2906250   0.0552083
 0.2859375   0.0276042
 0.4603068   0.2060984
 0.4409223   0.1800996
 0.4874600   0.1883670
 0.4404247   0.3301930
 0.4598092   0.3041943
 0.4864649   0.3325613
 0.2501296   0.6965017
 0.2223204   0.7363083
 0.2070013   0.7024573
 0.1978886   0.2736362
 0.1644005   0.2675994
 0.1832630   0.2429119
 0.6702897   0.1816531
 0.6761992   0.2172790
 0.6358800   0.1926118
 0.8713889   0.5789316
 0.9135682   0.6046137
 0.8693156   0.6099096
 0.5630526   0.5365509
 0.5706715   0.5712650
 0.5307223   0.5447641
 0.4475821   0.9293417
 0.4786018   0.9268086
 0.4603946   0.9520501
 0.0312500   0.0625000
 0.0312500   0.0312500
 0.0625000   0.0312500
 0.1029000   0.2481250
 0.0748875   0.2346875
 0.1217625   0.2234375
 0.0781250   0.1093750
 0.1093750   0.0781250
 0.1250000   0.1250000
 0.1269956   0.5984397
 0.0898572   0.5560493
 0.1425758   0.5647081
 0.4993255   0.1259099
 0.4527877   0.1176425
 0.4840377   0.0811841
 0.3105011   0.2801129
 0.3427505   0.2389719
 0.3427505   0.2909695
 0.9007892   0.0769188
 0.9320392   0.1081688
 0.8953285   0.1225875
 0.6009726   0.2496688
 0.6412919   0.2743360
 0.6004751   0.2957671
 0.6115230   0.1232188
 0.6274853   0.0784930
 0.6459328   0.1122601
 0.6798758   0.3948673
 0.6399266   0.3683664
 0.6807434   0.3469353
 0.5411321   0.4366733
 0.5482829   0.4692551
 0.5159526   0.4774683
 0.7432912   0.1825961
 0.7818830   0.1944977
 0.7492007   0.2182220
 0.9687500   0.9687500
 0.9375000   0.9687500
 0.9687500   0.9375000
 0.6636186   0.5741412
 0.6371196   0.5859535
 0.6295008   0.5512394
 0.7960109   0.3747996
 0.7579179   0.3980839
 0.7587856   0.3501518
 0.9221973   0.8125000
 0.9610986   0.7968750
 0.9610986   0.8281250
 0.5682717   0.6773041
 0.5536522   0.7138609
 0.5329234   0.6855713
 0.3743105   0.4606471
 0.3850856   0.4288169
 0.4059463   0.4719801
 0.6274490   0.6971177
 0.6512780   0.7251985
 0.6128295   0.7336746
 0.3339137   0.7573948
 0.2857766   0.7637770
 0.3135858   0.7239705
 0.4286998   0.5923103
 0.4333006   0.6270784
 0.3943558   0.6233761
 0.0551355   0.3471875
 0.0831480   0.3337500
 0.0822584   0.3678125
 0.7302972   0.9701681
 0.7468445   0.9403362
 0.7840472   0.9701681
 0.8779447   0.7552959
 0.8725935   0.7137168
 0.9168461   0.7396709
 0.9298486   0.8906250
 0.8985986   0.9218750
 0.8909473   0.8750000
 0.6923966   0.6768292
 0.6685675   0.6487484
 0.6950665   0.6369361
 0.7629868   0.0794359
 0.7887760   0.1251047
 0.7501843   0.1132031
 0.6062607   0.4223793
 0.6462098   0.4488802
 0.6134115   0.4549610
 0.9356646   0.3443315
 0.9678323   0.3127907
 0.9678323   0.3440407
 0.7821334   0.8126189
 0.7525820   0.8296620
 0.7494237   0.7956947
 0.4996870   0.7518501
 0.4603413   0.7532825
 0.4789582   0.7235604
 0.6814237   0.8212139
 0.6398168   0.7957227
 0.6782654   0.7872466
 0.4340840   0.8442685
 0.4654464   0.8729178
 0.4344268   0.8754509
 0.8301459   0.9232931
 0.7929431   0.8934612
 0.8224945   0.8764181
 0.3525000   0.9497676
 0.3396875   0.9222437
 0.3653125   0.9270593
 0.6600516   0.9150947
 0.6435044   0.9449266
 0.6104615   0.9196851
 0.3803398   0.6878662
 0.4192846   0.6915685
 0.4006677   0.7212905
 0.5429420   0.6142463
 0.5075938   0.6225135
 0.5029929   0.5877454
 0.2808223   0.8235681
 0.3289594   0.8171859
 0.3036773   0.8435527
 0.2962271   0.5805647
 0.2686790   0.5527886
 0.2989352   0.5381659
 0.2282615   0.9425147
 0.1937104   0.9125534
 0.2410740   0.9149907
 0.0742769   0.6310309
 0.0371385   0.6298905
 0.0371385   0.5886405
 0.0280125   0.2728125
 0.0560250   0.2862500
 0.0280125   0.2996875
 0.0468750   0.1943750
 0.0468750   0.1675000
 0.0937500   0.1831250
 0.0542459   0.4225000
 0.0271230   0.4431250
 0.0271230   0.4018750
 0.2028427   0.3957325
 0.1940609   0.4530420
 0.1684651   0.4237582
 0.2370636   0.2296779
 0.2224380   0.1989535
 0.2427505   0.1796827
 0.2997260   0.3639406
 0.3319754   0.3747972
 0.3212003   0.4066274
 0.1781365   0.3323862
 0.1437589   0.3604119
 0.1446485   0.3263494
 0.1325603   0.5016927
 0.0798416   0.4930338
 0.1069646   0.4724088
 0.2839386   0.2192612
 0.2896255   0.1692660
 0.3161880   0.1781202
 0.1765625   0.0744792
 0.2125000   0.1020833
 0.1921875   0.1213542
 0.5330026   0.2888312
 0.5063470   0.2604642
 0.5335002   0.2427329
 0.4375000   0.0364583
 0.4062500   0.0729167
 0.4062500   0.0364583
 0.3943845   0.2758272
 0.3943845   0.2238297
 0.4137691   0.2498284
 0.9687500   0.0625000
 0.9375000   0.0312500
 0.9687500   0.0312500
 0.9311216   0.2647095
 0.8989539   0.2962502
 0.8944108   0.2478783
 0.8070392   0.0456688
 0.8382892   0.0456688
 0.8328285   0.0913375
 0.8295609   0.3031433
 0.7923355   0.2784956
 0.8250178   0.2547713
 0.7764397   0.5247684
 0.7496778   0.5405081
 0.7483583   0.5115256
 0.5777877   0.0447258
 0.5618255   0.0894516
 0.5465377   0.0447258
 0.6746975   0.0337672
 0.7059475   0.0337672
 0.6931450   0.0675343
 0.9632892   0.1706688
 0.9632892   0.2019188
 0.9265785   0.1850875
 0.7435841   0.6802551
 0.7462541   0.6403619
 0.7709427   0.6556002
 0.7851317   0.4592587
 0.8232247   0.4359744
 0.8132131   0.4725015
 0.9256531   0.4746086
 0.8834738   0.4801764
 0.8934854   0.4436493
 0.9578207   0.5680679
 0.9156415   0.5423857
 0.9578207   0.5368179
 0.9557474   0.6615459
 0.9557474   0.6927959
 0.9114949   0.6668418
 0.6546802   0.5104445
 0.6874785   0.5043636
 0.6887981   0.5333462
 0.3581191   0.5772750
 0.3608272   0.5348761
 0.3924631   0.5462092
 0.2586946   0.4103936
 0.2801690   0.4530803
 0.2499128   0.4677031
 0.2884375   0.9724760
 0.3012500   0.9449520
 0.3140625   0.9724760
 0.9678323   0.4065407
 0.9678323   0.4377907
 0.9356646   0.4068315
 0.0279490   0.8875387
 0.0558979   0.8988273
 0.0279490   0.9287887
 0.3909375   0.9772916
 0.4037500   0.9545832
 0.4165625   0.9772916
 0.3521572   0.8683529
 0.3774393   0.8419860
 0.3777822   0.8731685
 0.5044493   0.8403030
 0.4730868   0.8116537
 0.5124325   0.8102214
 0.6349919   0.8597716
 0.5854018   0.8643619
 0.5933851   0.8342803
 0.5757071   0.9747585
 0.5244571   0.9747585
 0.5426643   0.9495169
 0.1841990   0.9700387
 0.1529490   0.9700387
 0.1496479   0.9400773
 0.0591990   0.9700387
 0.0871479   0.9400773
 0.0904490   0.9700387
 0.2503907   0.6289191
 0.2072624   0.6348746
 0.2228426   0.6011430
 0.1546835   0.7598110
 0.1700026   0.7936621
 0.1454940   0.8112093
 0.1022259   0.7660696
 0.0930364   0.8174678
 0.0650874   0.8061791
 0.1836680   0.8650448
 0.2081766   0.8474976
 0.2310315   0.8674822
 0.2187500   0.0000000
 0.2546875   0.0276042
 0.2640625   0.0828125
 0.2328125   0.0828125
 0.1609375   0.0276042
 0.1562500   0.0000000
 0.0000000   0.7112500
 0.0371385   0.6711405
 0.1114154   0.6734214
 0.1114154   0.7146714
 0.0371385   0.7948905
 0.0000000   0.7937500
 0.4836223   0.4856815
 0.4375821   0.4833132
 0.3958607   0.3969868
 0.4210402   0.3561918
 0.5131205   0.3609283
 0.5339812   0.4040916
 0.2953125   0.1192708
 0.2953125   0.0828125
 0.3484375   0.0276042
 0.3750000   0.0364583
 0.3750000   0.1093750
 0.3484375   0.1369792
 0.8250631   0.6152055
 0.7983012   0.6309453
 0.7489241   0.6004688
 0.7509974   0.5694907
 0.8045211   0.5380112
 0.8292097   0.5532494
 0.7956312   0.6708385
 0.8283410   0.6877627
 0.8390433   0.7709209
 0.8116848   0.7955758
 0.7462653   0.7617274
 0.7409141   0.7201483
 0.3437500   0.0000000
 0.2812500   0.0000000
 0.4796913   0.2320971
 0.4331536   0.2238297
 0.3943845   0.1718321
 0.4215377   0.1541008
 0.5146132   0.1706357
 0.5339978   0.1966345
 0.3943845   0.3278248
 0.4331536   0.2758272
 0.4791938   0.2781955
 0.5325050   0.3349296
 0.2779387   0.6566952
 0.2932579   0.6905462
 0.2376395   0.7701593
 0.1945112   0.7761148
 0.1638730   0.7084128
 0.1916821   0.6686063
 0.2313766   0.2796731
 0.2125141   0.3043606
 0.1455380   0.2922869
 0.1309125   0.2615625
 0.1686375   0.2121875
 0.2021255   0.2182244
 0.6643803   0.1460273
 0.7046995   0.1706945
 0.7165184   0.2419462
 0.6821087   0.2529049
 0.6014702   0.2035704
 0.5955607   0.1679446
 0.8734622   0.5479536
 0.9578207   0.5993179
 0.9557474   0.6302959
 0.8672423   0.6408877
 0.5554338   0.5018368
 0.5953829   0.5283377
 0.6106206   0.5977659
 0.5782903   0.6059791
 0.4983920   0.5529773
 0.4907731   0.5182632
 0.4165625   0.9318749
 0.4347696   0.9066333
 0.4968089   0.9015670
 0.5096214   0.9242754
 0.4732071   0.9747585
 0.4421875   0.9772916
 0.0312500   0.0937500
 0.0000000   0.0937500
 0.0000000   0.0312500
 0.0312500   0.0000000
 0.0937500   0.0000000
 0.0937500   0.0312500
 0.0840375   0.2728125
 0.0280125   0.2459375
 0.0468750   0.2212500
 0.1406250   0.1987500
 0.0468750   0.1406250
 0.1406250   0.0468750
 0.1718750   0.1406250
 0.1406250   0.1718750
 0.1641341   0.6408302
 0.1114154   0.6321714
 0.0371385   0.5473905
 0.0527187   0.5136588
 0.1581561   0.5309765
 0.1952945   0.5733669
 0.5458632   0.1341774
 0.4062500   0.1093750
 0.4687500   0.0364583
 0.5152877   0.0447258
 0.2782516   0.3212539
 0.2782516   0.2692564
 0.3427505   0.1869744
 0.3750000   0.1978309
 0.3750000   0.3018260
 0.3427505   0.3429670
 0.8695392   0.0456688
 0.9062500   0.0312500
 0.9687500   0.0937500
 0.9632892   0.1394188
 0.8898677   0.1682563
 0.8586177   0.1370063
 0.5606534   0.2250016
 0.6816111   0.2990032
 0.5999775   0.3418655
 0.5596582   0.3171983
 0.5771132   0.1341774
 0.6090377   0.0447258
 0.6434475   0.0337672
 0.6803425   0.1013015
 0.7198249   0.4213682
 0.6790081   0.4427993
 0.5991098   0.3897975
 0.7215603   0.3255041
 0.5663115   0.3958784
 0.5806132   0.4610419
 0.7373818   0.1469702
 0.8145652   0.1707735
 0.8204747   0.2063993
 0.7551102   0.2538478
 1.0000000   0.9687500
 0.9687500   1.0000000
 0.9062500   1.0000000
 0.9062500   0.9687500
 0.9687500   0.9062500
 1.0000000   0.9062500
 0.6901177   0.5623288
 0.6977365   0.5970429
 0.6447385   0.6206676
 0.6218819   0.5165254
 0.8341039   0.3515152
 0.8332363   0.3994473
 0.7570503   0.4460159
 0.7596533   0.3022198
 0.8832959   0.8281250
 0.8832959   0.7968750
 0.9610986   0.7656250
 1.0000000   0.7812500
 1.0000000   0.8437500
 0.9610986   0.8593750
 0.5828912   0.6407472
 0.6036199   0.6690369
 0.5743809   0.7421506
 0.5390326   0.7504178
 0.4975751   0.6938384
 0.5121946   0.6572816
 0.3635354   0.4924773
 0.3426747   0.4493141
 0.3642249   0.3856537
 0.4268070   0.5151434
 0.6420685   0.6605608
 0.6897266   0.7167224
 0.6751071   0.7532793
 0.5982100   0.7702314
 0.3820507   0.7510125
 0.3542416   0.7908191
 0.2579674   0.8035836
 0.3413949   0.6841639
 0.4240989   0.5575422
 0.4630437   0.5612445
 0.4722455   0.6307807
 0.4379015   0.6618465
 0.3600119   0.6544419
 0.3554110   0.6196738
 0.0271230   0.3606250
 0.0280125   0.3265625
 0.0840375   0.2996875
 0.1111605   0.3203125
 0.1093814   0.3884375
 0.0813689   0.4018750
 0.7137500   1.0000000
 0.6765472   0.9701681
 0.7096417   0.9105043
 0.7633917   0.9105043
 0.8377972   0.9701681
 0.8212500   1.0000000
 0.8672423   0.6721377
 0.9557474   0.7240459
 0.8673486   0.9531250
 0.8520459   0.8593750
 0.7162256   0.7049100
 0.7215655   0.6251237
 0.7371975   0.0337672
 0.7757892   0.0456688
 0.8273677   0.1370063
 0.7115925   0.1013015
 0.6861590   0.4753811
 0.6205624   0.4875428
 0.9034970   0.3758722
 0.9034970   0.3446222
 0.9678323   0.2815407
 1.0000000   0.2812500
 1.0000000   0.3437500
 0.9678323   0.3752907
 0.8148431   0.8295431
 0.7557403   0.8636293
 0.7230306   0.8467051
 0.7167139   0.7787705
 0.5204157   0.7801398
 0.4417243   0.7830045
 0.4209956   0.7547148
 0.4582294   0.6952708
 0.6845820   0.8551812
 0.6013683   0.8041987
 0.4027215   0.8156192
 0.4337411   0.8130861
 0.4964661   0.8703846
 0.4034072   0.8779841
 0.3653125   0.9772916
 0.3396875   0.9724760
 0.3140625   0.9174281
 0.3268750   0.8947197
 0.3781250   0.9043509
 0.3909375   0.9318749
 0.6765988   0.8852628
 0.6269571   0.9747585
 0.5608714   0.9242754
 0.5774186   0.8944435
 0.2326853   0.8299504
 0.3770965   0.8108036
 0.3265322   0.8635373
 0.2783951   0.8699195
 0.3237752   0.6083408
 0.2935190   0.6229636
 0.2384228   0.5674114
 0.2411310   0.5250125
 0.3016434   0.4957670
 0.3291914   0.5235431
 0.2628125   0.9724760
 0.2154490   0.9700387
 0.1463469   0.9101160
 0.1591594   0.8825920
 0.2538865   0.8874667
 0.2884375   0.9174281
 0.0000000   0.6287500
 0.0000000   0.5462500
 0.0000000   0.2593750
 0.0000000   0.3131250
 0.0000000   0.2056250
 0.0000000   0.1518750
 0.0813689   0.4431250
 0.0271230   0.4843750
 0.0000000   0.4637500
 0.0000000   0.3812500
 0.2116246   0.3384231
 0.2372203   0.3677069
 0.2196566   0.4823258
 0.1852790   0.5103515
 0.1340875   0.4517838
 0.1428694   0.3944744
 0.2516891   0.2604022
 0.2078125   0.1682292
 0.2484375   0.1296875
 0.2630630   0.1604119
 0.2674765   0.3530841
 0.3104252   0.4384575
 0.4687500   0.0000000
 0.4062500   0.0000000
 1.0000000   0.0937500
 0.9062500   0.0000000
 0.9687500   0.0000000
 1.0000000   0.0312500
 0.9632892   0.2331688
 0.8667862   0.3277910
 0.8577000   0.2310471
 0.8898677   0.1995063
 0.7812500   0.0000000
 0.8437500   0.0000000
 0.8032016   0.5090286
 0.7229160   0.5562479
 0.7202768   0.4982828
 0.7470387   0.4825430
 0.5937500   0.0000000
 0.5312500   0.0000000
 0.6562500   0.0000000
 0.7187500   0.0000000
 1.0000000   0.1562500
 1.0000000   0.2187500
 0.8613177   0.4126901
 0.8412945   0.4857443
 0.9678323   0.4690407
 0.9578207   0.5055679
 0.8734622   0.5167036
 0.9034970   0.4071222
 1.0000000   0.5937500
 1.0000000   0.5312500
 1.0000000   0.6562500
 1.0000000   0.7187500
 0.2756250   1.0000000
 0.3268750   1.0000000
 1.0000000   0.4062500
 1.0000000   0.4687500
 0.0000000   0.8762500
 0.0279490   0.8462887
 0.0838469   0.8688660
 0.0838469   0.9101160
 0.0279490   0.9700387
 0.0000000   0.9587500
 0.3781250   1.0000000
 0.4293750   1.0000000
 0.5358117   0.8689523
 0.5517782   0.8087891
 0.6087500   1.0000000
 0.5062500   1.0000000
 0.2187500   1.0000000
 0.1562500   1.0000000
 0.1216990   0.9700387
 0.1150969   0.9101160
 0.0312500   1.0000000
 0.0937500   1.0000000
 0.1393643   0.7259600
 0.1853217   0.8275131
 0.1363044   0.8626075
 0.1209853   0.8287565
 0.2101563   0.0414062
 0.2078125   0.0276042
 0.2257813   0.0414062
 0.0557077   0.7335857
 0.0371385   0.7330155
 0.0557077   0.7129607
 0.4649210   0.4005392
 0.4753513   0.4221208
 0.4523312   0.4209366
 0.3484375   0.0822917
 0.3351563   0.0960937
 0.3351563   0.0778646
 0.7890669   0.5768591
 0.8014112   0.5844782
 0.7880302   0.5923481
 0.7899787   0.7455346
 0.7873031   0.7247451
 0.8036580   0.7332071
 0.2882813   0.0414062
 0.3015625   0.0276042
 0.3039063   0.0414062
 0.4641911   0.1842333
 0.4738834   0.1972327
 0.4506145   0.1930990
 0.4731370   0.3183778
 0.4634448   0.3313772
 0.4501170   0.3171936
 0.2146608   0.7193828
 0.2285654   0.6994795
 0.2362250   0.7164050
 0.1738318   0.2552556
 0.1905758   0.2582740
 0.1811446   0.2706178
 0.6560396   0.2049454
 0.6530849   0.1871325
 0.6732445   0.1994661
 0.8914419   0.6072617
 0.8703523   0.5944206
 0.8924786   0.5917727
 0.5506969   0.5580146
 0.5468875   0.5406575
 0.5668620   0.5539080
 0.4694982   0.9394293
 0.4539884   0.9406959
 0.4630919   0.9280751
 0.0468750   0.0312500
 0.0468750   0.0468750
 0.0312500   0.0468750
 0.0983250   0.2290625
 0.1123312   0.2357812
 0.0888937   0.2414063
 0.1171875   0.1015625
 0.1015625   0.1171875
 0.0937500   0.0937500
 0.1162165   0.5603787
 0.1347857   0.5815739
 0.1084264   0.5772445
 0.4684127   0.0994133
 0.4916816   0.1035470
 0.4760566   0.1217762
 0.3427505   0.2649707
 0.3266258   0.2855412
 0.3266258   0.2595424
 0.9136839   0.1153782
 0.8980589   0.0997532
 0.9164142   0.0925438
 0.6208835   0.2850516
 0.6007238   0.2727180
 0.6211322   0.2620024
 0.6367090   0.0953765
 0.6287279   0.1177394
 0.6195041   0.1008559
 0.6603350   0.3576508
 0.6803096   0.3709013
 0.6599012   0.3816168
 0.5321178   0.4733617
 0.5285423   0.4570708
 0.5447075   0.4529642
 0.7655418   0.2063598
 0.7462460   0.2004090
 0.7625871   0.1885469
 0.9531250   0.9531250
 0.9687500   0.9531250
 0.9531250   0.9687500
 0.6333102   0.5685965
 0.6465597   0.5626903
 0.6503691   0.5800473
 0.7583518   0.3741179
 0.7773983   0.3624757
 0.7769644   0.3864417
 0.9610986   0.8125000
 0.9416479   0.8203125
 0.9416479   0.8046875
 0.5432878   0.6997161
 0.5505975   0.6814377
 0.5609619   0.6955825
 0.3955160   0.4503985
 0.3901284   0.4663136
 0.3796980   0.4447320
 0.6320537   0.7294365
 0.6201392   0.7153961
 0.6393635   0.7111581
 0.2996812   0.7438738
 0.3237497   0.7406826
 0.3098451   0.7605859
 0.4138282   0.6252273
 0.4115278   0.6078432
 0.4310002   0.6096943
 0.0827032   0.3507812
 0.0686969   0.3575000
 0.0691417   0.3404687
 0.7654458   0.9552522
 0.7571722   0.9701681
 0.7385708   0.9552522
 0.8947198   0.7266938
 0.8973954   0.7474834
 0.8752691   0.7345063
 0.8947729   0.8984375
 0.9103979   0.8828125
 0.9142236   0.9062500
 0.6818170   0.6428422
 0.6937315   0.6568826
 0.6804820   0.6627888
 0.7694801   0.1191539
 0.7565855   0.0963195
 0.7758814   0.1022703
 0.6298107   0.4519206
 0.6098361   0.4386702
 0.6262353   0.4356297
 0.9678323   0.3284157
 0.9517485   0.3441861
 0.9517485   0.3285611
 0.7510028   0.8126784
 0.7657785   0.8041568
 0.7673577   0.8211405
 0.4696497   0.7384215
 0.4893226   0.7377053
 0.4800141   0.7525663
 0.6590411   0.7914846
 0.6798446   0.8042302
 0.6606203   0.8084683
 0.4499366   0.8741843
 0.4342554   0.8598597
 0.4497652   0.8585931
 0.8077188   0.8849397
 0.8263202   0.8998556
 0.8115445   0.9083772
 0.3525000   0.9246515
 0.3589063   0.9384135
 0.3460938   0.9360057
 0.6269829   0.9323058
 0.6352565   0.9173899
 0.6517780   0.9300106
 0.4099761   0.7064295
 0.3905037   0.7045784
 0.3998122   0.6897173
 0.5052933   0.6051294
 0.5229675   0.6009959
 0.5252679   0.6183799
 0.3163183   0.8303693
 0.2922498   0.8335604
 0.3048909   0.8203770
 0.2838071   0.5454772
 0.2975812   0.5593653
 0.2824531   0.5666767
 0.2173922   0.9137720
 0.2346677   0.9287527
 0.2109859   0.9275340
 0.0371385   0.6092655
 0.0557077   0.6098357
 0.0557077   0.6304607
 0.0420188   0.2929688
 0.0280125   0.2862500
 0.0420188   0.2795313
 0.0703125   0.1753125
 0.0703125   0.1887500
 0.0468750   0.1809375
 0.0271230   0.4225000
 0.0406844   0.4121875
 0.0406844   0.4328125
 0.1812630   0.4384001
 0.1856539   0.4097454
 0.1984518   0.4243873
 0.2325943   0.1893181
 0.2399071   0.2046803
 0.2297508   0.2143157
 0.3265879   0.3907123
 0.3104631   0.3852840
 0.3158507   0.3693689
 0.1442037   0.3433806
 0.1613925   0.3293678
 0.1609477   0.3463990
 0.0934031   0.4827213
 0.1197625   0.4870507
 0.1062010   0.4973632
 0.3029068   0.1736931
 0.3000633   0.1986907
 0.2867821   0.1942636
 0.2023437   0.1117188
 0.1843750   0.0979167
 0.1945312   0.0882813
 0.5199236   0.2515985
 0.5332514   0.2657820
 0.5196748   0.2746477
 0.4062500   0.0546875
 0.4218750   0.0364583
 0.4218750   0.0546875
 0.4040768   0.2368290
 0.4040768   0.2628278
 0.3943845   0.2498284
 0.9531250   0.0312500
 0.9687500   0.0468750
 0.9531250   0.0468750
 0.8966823   0.2720643
 0.9127662   0.2562939
 0.9150377   0.2804799
 0.8355589   0.0685032
 0.8199339   0.0685032
 0.8226642   0.0456688
 0.8086766   0.2666334
 0.8272893   0.2789573
 0.8109482   0.2908194
 0.7490180   0.5260169
 0.7623990   0.5181470
 0.7630588   0.5326383
 0.5541816   0.0670887
 0.5621627   0.0447258
 0.5698066   0.0670887
 0.6995463   0.0506507
 0.6839213   0.0506507
 0.6903225   0.0337672
 0.9449339   0.1935032
 0.9449339   0.1778782
 0.9632892   0.1862938
 0.7585984   0.6479811
 0.7572634   0.6679277
 0.7449191   0.6603085
 0.8182189   0.4542379
 0.7991724   0.4658801
 0.8041782   0.4476165
 0.8884796   0.4619129
 0.9095692   0.4591290
 0.9045634   0.4773925
 0.9367311   0.5396018
 0.9578207   0.5524429
 0.9367311   0.5552268
 0.9336212   0.6798188
 0.9336212   0.6641938
 0.9557474   0.6771709
 0.6881383   0.5188549
 0.6717392   0.5218954
 0.6710794   0.5074041
 0.3766452   0.5405427
 0.3752911   0.5617421
 0.3594732   0.5560756
 0.2650409   0.4603917
 0.2543037   0.4390483
 0.2694318   0.4317369
 0.3076563   0.9587140
 0.3012500   0.9724760
 0.2948438   0.9587140
 0.9517485   0.4223111
 0.9517485   0.4066861
 0.9678323   0.4221657
 0.0419234   0.9138080
 0.0279490   0.9081637
 0.0419234   0.8931830
 0.4101563   0.9659374
 0.4037500   0.9772916
 0.3973438   0.9659374
 0.3776107   0.8575772
 0.3649697   0.8707607
 0.3647982   0.8551694
 0.4927597   0.8109376
 0.5084409   0.8252622
 0.4887680   0.8259784
 0.5893935   0.8493211
 0.6141885   0.8470259
 0.6101969   0.8620667
 0.5335607   0.9621377
 0.5591857   0.9621377
 0.5500821   0.9747585
 0.1512984   0.9550580
 0.1669234   0.9550580
 0.1685740   0.9700387
 0.0887984   0.9550580
 0.0748240   0.9700387
 0.0731734   0.9550580
 0.2150525   0.6180088
 0.2366166   0.6150311
 0.2288265   0.6318969
 0.1577483   0.8024357
 0.1500887   0.7855102
 0.1623430   0.7767365
 0.0790619   0.8118235
 0.0836566   0.7861244
 0.0976311   0.7917687
 0.2196041   0.8574899
 0.2073498   0.8662635
 0.1959223   0.8562712
 0.2367188   0.0138021
 0.2390625   0.0276042
 0.2210938   0.0138021
 0.2484375   0.0828125
 0.2304688   0.0690104
 0.2460938   0.0690104
 0.1585938   0.0138021
 0.1742188   0.0138021
 0.1765625   0.0276042
 0.0185692   0.6911952
 0.0371385   0.6917655
 0.0185692   0.7118202
 0.1114154   0.6940464
 0.0928462   0.7141011
 0.0928462   0.6934761
 0.0185692   0.7943202
 0.0185692   0.7736952
 0.0371385   0.7742655
 0.4606022   0.4844973
 0.4501719   0.4629157
 0.4731919   0.4640999
 0.4084504   0.3765893
 0.4314705   0.3777734
 0.4188808   0.3981709
 0.5235509   0.3825100
 0.5109611   0.4029074
 0.5005308   0.3813258
 0.2953125   0.1010417
 0.3085938   0.0872396
 0.3085938   0.1054688
 0.3617187   0.0320312
 0.3617187   0.0502604
 0.3484375   0.0458333
 0.3617187   0.1231771
 0.3484375   0.1187500
 0.3617187   0.1049479
 0.8116821   0.6230754
 0.7993379   0.6154563
 0.8127188   0.6075864
 0.7499607   0.5849797
 0.7633417   0.5771098
 0.7623050   0.5925989
 0.8168654   0.5456303
 0.8158287   0.5611193
 0.8034845   0.5535002
 0.8119861   0.6793006
 0.8146617   0.7000901
 0.7983068   0.6916280
 0.8253641   0.7832484
 0.8090092   0.7747863
 0.8226885   0.7624588
 0.7435897   0.7409379
 0.7572690   0.7286104
 0.7599446   0.7494000
 0.3460937   0.0138021
 0.3328125   0.0276042
 0.3304687   0.0138021
 0.2796875   0.0828125
 0.2773438   0.0690104
 0.2929688   0.0690104
 0.2679687   0.0138021
 0.2835937   0.0138021
 0.2703125   0.0276042
 0.4564225   0.2279634
 0.4467302   0.2149640
 0.4699991   0.2190977
 0.4079611   0.1629665
 0.4312300   0.1671002
 0.4176534   0.1759658
 0.5243055   0.1836351
 0.5107289   0.1925008
 0.5010366   0.1795014
 0.4077123   0.3420083
 0.4174046   0.3290089
 0.4307324   0.3431924
 0.4561737   0.2770113
 0.4695015   0.2911949
 0.4464814   0.2900107
 0.5228128   0.3479290
 0.4997927   0.3467448
 0.5094849   0.3337454
 0.2855983   0.6736207
 0.2716937   0.6935240
 0.2640341   0.6765985
 0.2160754   0.7731371
 0.2084158   0.7562116
 0.2299800   0.7532338
 0.1777776   0.6885096
 0.1993417   0.6855318
 0.1854371   0.7054351
 0.2219454   0.2920168
 0.2052013   0.2889984
 0.2146326   0.2766546
 0.1382253   0.2769247
 0.1476565   0.2645809
 0.1549693   0.2799431
 0.1853815   0.2152059
 0.1926943   0.2305681
 0.1759503   0.2275497
 0.6845399   0.1583609
 0.6874946   0.1761738
 0.6673350   0.1638402
 0.6993136   0.2474255
 0.6791539   0.2350919
 0.6963588   0.2296126
 0.5985155   0.1857575
 0.6157204   0.1802782
 0.6186751   0.1980911
 0.8513360   0.5506015
 0.8724256   0.5634426
 0.8502993   0.5660905
 0.9567841   0.6148069
 0.9346578   0.6174548
 0.9356945   0.6019658
 0.8461527   0.6280466
 0.8471893   0.6125576
 0.8682790   0.6253987
 0.5754083   0.5150873
 0.5792178   0.5324443
 0.5592432   0.5191939
 0.5944555   0.6018725
 0.5744809   0.5886221
 0.5906460   0.5845155
 0.4945826   0.5356203
 0.5107477   0.5315137
 0.5145571   0.5488707
 0.4256661   0.9192541
 0.4411759   0.9179875
 0.4320723   0.9306083
 0.5032151   0.9129212
 0.4941116   0.9255420
 0.4877053   0.9141878
 0.4576973   0.9760250
 0.4512911   0.9646709
 0.4668009   0.9634043
 0.0156250   0.0937500
 0.0156250   0.0781250
 0.0312500   0.0781250
 0.0156250   0.0156250
 0.0312500   0.0156250
 0.0156250   0.0312500
 0.0937500   0.0156250
 0.0781250   0.0312500
 0.0781250   0.0156250
 0.1074750   0.2671875
 0.0934688   0.2604688
 0.1169062   0.2548438
 0.0374437   0.2335938
 0.0608812   0.2279687
 0.0514500   0.2403125
 0.1546312   0.2054688
 0.1452000   0.2178125
 0.1311937   0.2110938
 0.0390625   0.1171875
 0.0546875   0.1015625
 0.0625000   0.1250000
 0.1171875   0.0390625
 0.1250000   0.0625000
 0.1015625   0.0546875
 0.1562500   0.1562500
 0.1328125   0.1484375
 0.1484375   0.1328125
 0.1377747   0.6365008
 0.1192055   0.6153056
 0.1455648   0.6196350
 0.0449286   0.5305246
 0.0712879   0.5348541
 0.0634978   0.5517199
 0.1767253   0.5521717
 0.1689352   0.5690375
 0.1503660   0.5478423
 0.5302382   0.1524066
 0.5069694   0.1482728
 0.5225944   0.1300437
 0.4138939   0.1317379
 0.4295189   0.1135087
 0.4371627   0.1358716
 0.4920189   0.0405921
 0.4996627   0.0629550
 0.4763939   0.0588212
 0.2782516   0.2952552
 0.2943763   0.2746847
 0.2943763   0.3006834
 0.3588753   0.1924026
 0.3588753   0.2184014
 0.3427505   0.2129731
 0.3588753   0.3223965
 0.3427505   0.3169682
 0.3588753   0.2963977
 0.8878946   0.0384594
 0.9035196   0.0540844
 0.8851642   0.0612938
 0.9660196   0.1165844
 0.9476642   0.1237938
 0.9503946   0.1009594
 0.8742427   0.1526313
 0.8769731   0.1297969
 0.8925981   0.1454219
 0.5810618   0.2142860
 0.6012214   0.2266196
 0.5808130   0.2373352
 0.6818599   0.2759540
 0.6614515   0.2866696
 0.6617003   0.2636204
 0.5798179   0.3295319
 0.5800666   0.3064827
 0.6002263   0.3188163
 0.5863370   0.1510610
 0.5943181   0.1286981
 0.6035419   0.1455817
 0.6262426   0.0392465
 0.6354664   0.0561301
 0.6182615   0.0616094
 0.6723614   0.1236644
 0.6551565   0.1291437
 0.6631377   0.1067808
 0.6994165   0.4320838
 0.6794420   0.4188333
 0.6998504   0.4081177
 0.5995437   0.3658315
 0.6199521   0.3551159
 0.6195182   0.3790820
 0.7015857   0.3122537
 0.7011519   0.3362197
 0.6811773   0.3229692
 0.5501464   0.3999850
 0.5537218   0.4162759
 0.5375566   0.4203824
 0.5680235   0.4814394
 0.5518583   0.4855460
 0.5644481   0.4651485
 0.4871977   0.5019723
 0.4997875   0.4815749
 0.5033629   0.4978657
 0.7210406   0.1588324
 0.7403365   0.1647832
 0.7239954   0.1766453
 0.8175200   0.1885864
 0.8011788   0.2004485
 0.7982241   0.1826356
 0.7358143   0.2478970
 0.7328596   0.2300841
 0.7521554   0.2360349
 0.9843750   0.9843750
 0.9687500   0.9843750
 0.9843750   0.9687500
 0.9062500   0.9843750
 0.9218750   0.9687500
 0.9218750   0.9843750
 0.9843750   0.9062500
 0.9843750   0.9218750
 0.9687500   0.9218750
 0.6939271   0.5796858
 0.6806776   0.5855920
 0.6768681   0.5682350
 0.6276795   0.6092168
 0.6238701   0.5918597
 0.6409291   0.6033106
 0.6086324   0.5224315
 0.6256914   0.5338824
 0.6124419   0.5397886
 0.8336701   0.3754813
 0.8146236   0.3871234
 0.8150574   0.3631574
 0.7384376   0.4336920
 0.7388714   0.4097260
 0.7574841   0.4220499
 0.7406068   0.3138620
 0.7592194   0.3261858
 0.7401729   0.3378280
 0.8832959   0.8125000
 0.9027466   0.8046875
 0.9027466   0.8203125
 0.9805493   0.7734375
 0.9805493   0.7890625
 0.9610986   0.7812500
 0.9805493   0.8515625
 0.9610986   0.8437500
 0.9805493   0.8359375
 0.5932556   0.6548920
 0.5859458   0.6731705
 0.5755814   0.6590256
 0.5567068   0.7462842
 0.5463424   0.7321394
 0.5640165   0.7280058
 0.5048849   0.6755600
 0.5225590   0.6714264
 0.5152493   0.6897048
 0.3531050   0.4708957
 0.3584926   0.4549806
 0.3689229   0.4765622
 0.3800428   0.3913202
 0.3904732   0.4129018
 0.3746552   0.4072353
 0.4321946   0.4992283
 0.4163767   0.4935618
 0.4217642   0.4776467
 0.6228442   0.6647989
 0.6347587   0.6788393
 0.6155345   0.6830773
 0.6824168   0.7350009
 0.6631925   0.7392389
 0.6705023   0.7209605
 0.5862954   0.7561910
 0.5936052   0.7379126
 0.6055197   0.7519530
 0.3681462   0.7709158
 0.3440776   0.7741069
 0.3579822   0.7542036
 0.2478035   0.7868714
 0.2617081   0.7669682
 0.2718720   0.7836803
 0.3173264   0.6873551
 0.3274903   0.7040672
 0.3034218   0.7072583
 0.4435713   0.5593934
 0.4458717   0.5767774
 0.4263993   0.5749263
 0.4550735   0.6463136
 0.4356011   0.6444624
 0.4527731   0.6289295
 0.3577114   0.6370579
 0.3748834   0.6215250
 0.3771838   0.6389090
 0.0275677   0.3435937
 0.0415740   0.3368750
 0.0411292   0.3539062
 0.0975990   0.3100000
 0.0971542   0.3270312
 0.0835927   0.3167187
 0.0953751   0.3951562
 0.0818136   0.3848437
 0.0958199   0.3781250
 0.6951486   0.9850841
 0.7034222   0.9701681
 0.7220236   0.9850841
 0.7365167   0.9105043
 0.7551181   0.9254203
 0.7282431   0.9254203
 0.8295236   0.9850841
 0.8026486   0.9850841
 0.8109222   0.9701681
 0.8611696   0.7838979
 0.8584940   0.7631084
 0.8806203   0.7760854
 0.8477916   0.6799502
 0.8699179   0.6929272
 0.8504672   0.7007397
 0.9584230   0.7448354
 0.9389723   0.7526479
 0.9362968   0.7318584
 0.9649243   0.8828125
 0.9492993   0.8984375
 0.9454736   0.8750000
 0.8867993   0.9609375
 0.8829736   0.9375000
 0.9024243   0.9453125
 0.8676709   0.8437500
 0.8871216   0.8515625
 0.8714966   0.8671875
 0.7029761   0.7108162
 0.6910616   0.6967758
 0.7043111   0.6908696
 0.6434035   0.6406142
 0.6566530   0.6347080
 0.6553180   0.6546546
 0.7096510   0.6110833
 0.7083160   0.6310299
 0.6964015   0.6169895
 0.7564934   0.0397180
 0.7693880   0.0625524
 0.7500921   0.0566015
 0.8209665   0.1538899
 0.8016706   0.1479391
 0.8080719   0.1310555
 0.7244872   0.1241358
 0.7308884   0.1072523
 0.7437830   0.1300867
 0.5827107   0.3928379
 0.6026852   0.4060884
 0.5862861   0.4091288
 0.6825836   0.4590902
 0.6661844   0.4621306
 0.6626090   0.4458398
 0.6005878   0.4742923
 0.5970124   0.4580015
 0.6169870   0.4712519
 0.9034970   0.3602472
 0.9195808   0.3444768
 0.9195808   0.3601018
 0.9839162   0.2813954
 0.9839162   0.2970204
 0.9678323   0.2971657
 0.9839162   0.3595204
 0.9678323   0.3596657
 0.9839162   0.3438954
 0.8132640   0.8125595
 0.7984883   0.8210810
 0.7969091   0.8040974
 0.7393855   0.8551672
 0.7378063   0.8381836
 0.7541612   0.8466457
 0.7314896   0.7702490
 0.7478445   0.7787111
 0.7330688   0.7872326
 0.5297242   0.7652788
 0.5100513   0.7659950
 0.5193598   0.7511340
 0.4313600   0.7688596
 0.4406684   0.7539986
 0.4510328   0.7681435
 0.4779023   0.6945546
 0.4882667   0.7086994
 0.4685938   0.7094156
 0.7038063   0.8509432
 0.6830029   0.8381975
 0.7022272   0.8339595
 0.5997891   0.7872151
 0.6190134   0.7829770
 0.6205926   0.7999607
 0.6959105   0.7660249
 0.6974897   0.7830086
 0.6766862   0.7702629
 0.4182313   0.8143526
 0.4339125   0.8286773
 0.4184027   0.8299439
 0.4966375   0.8859758
 0.4811277   0.8872424
 0.4809562   0.8716512
 0.4190884   0.8923087
 0.4189170   0.8767175
 0.4345982   0.8910421
 0.8525729   0.9616466
 0.8339715   0.9467306
 0.8487472   0.9382091
 0.7595660   0.8870668
 0.7743417   0.8785453
 0.7781674   0.9019828
 0.8334445   0.8444591
 0.8372702   0.8678966
 0.8186688   0.8529806
 0.3525000   0.9748838
 0.3460938   0.9611218
 0.3589063   0.9635296
 0.3204688   0.9060739
 0.3332813   0.9084817
 0.3268750   0.9198359
 0.3845313   0.9181129
 0.3781250   0.9294671
 0.3717188   0.9157051
 0.6931203   0.8978836
 0.6848466   0.9127995
 0.6683252   0.9001787
 0.6517522   0.9724633
 0.6352307   0.9598425
 0.6600258   0.9575473
 0.5691450   0.9093595
 0.5939401   0.9070643
 0.5856664   0.9219802
 0.3507034   0.6693029
 0.3701758   0.6711541
 0.3608673   0.6860151
 0.4480655   0.6785586
 0.4387570   0.6934196
 0.4285931   0.6767075
 0.4015232   0.7528636
 0.3913592   0.7361515
 0.4108316   0.7380026
 0.5805907   0.6233632
 0.5629166   0.6274968
 0.5606162   0.6101127
 0.4922201   0.6440311
 0.4899196   0.6266471
 0.5098942   0.6398975
 0.4807179   0.5571109
 0.5006924   0.5703614
 0.4830183   0.5744950
 0.2453263   0.8167670
 0.2693949   0.8135759
 0.2567538   0.8267593
 0.3656690   0.8008113
 0.3530280   0.8139947
 0.3416005   0.8040025
 0.3024636   0.8667284
 0.2910362   0.8567361
 0.3151047   0.8535450
 0.3086471   0.6156522
 0.2948730   0.6017641
 0.3100011   0.5944527
 0.2397769   0.5462120
 0.2549050   0.5389006
 0.2535509   0.5601000
 0.3154174   0.5096550
 0.3140633   0.5308545
 0.3002893   0.5169664
 0.2391307   0.9712573
 0.2218552   0.9562767
 0.2455370   0.9574954
 0.1527531   0.8963540
 0.1764349   0.8975727
 0.1700286   0.9113347
 0.2711620   0.9024474
 0.2647557   0.9162094
 0.2474802   0.9012287
 0.1114154   0.6527964
 0.0928462   0.6522261
 0.0928462   0.6316011
 0.0185692   0.6499452
 0.0185692   0.6293202
 0.0371385   0.6505155
 0.0185692   0.5468202
 0.0371385   0.5680155
 0.0185692   0.5674452
 0.0140063   0.2526563
 0.0280125   0.2593750
 0.0140063   0.2660938
 0.0840375   0.2862500
 0.0700313   0.2929688
 0.0700313   0.2795313
 0.0140063   0.3198437
 0.0140063   0.3064062
 0.0280125   0.3131250
 0.0234375   0.2134375
 0.0234375   0.2000000
 0.0468750   0.2078125
 0.0234375   0.1462500
 0.0468750   0.1540625
 0.0234375   0.1596875
 0.1406250   0.1853125
 0.1171875   0.1909375
 0.1171875   0.1775000
 0.0813689   0.4225000
 0.0678074   0.4328125
 0.0678074   0.4121875
 0.0135615   0.4740625
 0.0135615   0.4534375
 0.0271230   0.4637500
 0.0135615   0.3709375
 0.0271230   0.3812500
 0.0135615   0.3915625
 0.2244224   0.3530650
 0.2200315   0.3817197
 0.2072336   0.3670778
 0.2024678   0.4963387
 0.1896699   0.4816967
 0.2068587   0.4676839
 0.1384785   0.4231291
 0.1556673   0.4091163
 0.1512763   0.4377710
 0.2415329   0.2700376
 0.2342201   0.2546755
 0.2443763   0.2450400
 0.2049690   0.1932268
 0.2151253   0.1835913
 0.2122818   0.2085889
 0.2557503   0.1450497
 0.2529068   0.1700473
 0.2455940   0.1546851
 0.2728641   0.3371690
 0.2889888   0.3425973
 0.2836012   0.3585124
 0.3534877   0.3643104
 0.3481002   0.3802254
 0.3373630   0.3588821
 0.3265499   0.4438858
 0.3158128   0.4225424
 0.3319375   0.4279707
 0.2120693   0.3213918
 0.1948805   0.3354046
 0.1953253   0.3183734
 0.1261254   0.3914559
 0.1265702   0.3744247
 0.1433142   0.3774431
 0.1283492   0.3062997
 0.1450933   0.3093181
 0.1279045   0.3233309
 0.1717175   0.5206640
 0.1453582   0.5163346
 0.1589197   0.5060221
 0.0399208   0.4990169
 0.0534823   0.4887044
 0.0662802   0.5033463
 0.1077282   0.4474544
 0.1205261   0.4620963
 0.0941667   0.4577669
 0.2649704   0.2648293
 0.2678138   0.2398317
 0.2810951   0.2442588
 0.2791878   0.1398413
 0.2924690   0.1442684
 0.2763443   0.1648389
 0.3455940   0.1619768
 0.3294693   0.1825473
 0.3323128   0.1575497
 0.1507813   0.0372396
 0.1687500   0.0510417
 0.1585938   0.0606771
 0.2406250   0.1062500
 0.2304688   0.1158854
 0.2226562   0.0924479
 0.1898438   0.1544271
 0.1820313   0.1309896
 0.2000000   0.1447917
 0.5460816   0.3260639
 0.5327538   0.3118804
 0.5463304   0.3030147
 0.4794425   0.2551463
 0.4930191   0.2462807
 0.4927704   0.2693298
 0.5473256   0.2108180
 0.5470768   0.2338672
 0.5337490   0.2196837
 0.4687500   0.0182292
 0.4531250   0.0364583
 0.4531250   0.0182292
 0.3906250   0.1093750
 0.3906250   0.0911458
 0.4062500   0.0911458
 0.3906250   0.0182292
 0.4062500   0.0182292
 0.3906250   0.0364583
 0.3846923   0.3148254
 0.3846923   0.2888266
 0.3943845   0.3018260
 0.3846923   0.1848315
 0.3943845   0.1978309
 0.3846923   0.2108303
 0.4331536   0.2498284
 0.4234613   0.2628278
 0.4234613   0.2368290
 0.9843750   0.0937500
 0.9687500   0.0781250
 0.9843750   0.0781250
 0.9062500   0.0156250
 0.9218750   0.0156250
 0.9218750   0.0312500
 0.9843750   0.0156250
 0.9843750   0.0312500
 0.9687500   0.0156250
 0.9655608   0.2573548
 0.9494769   0.2731251
 0.9472054   0.2489391
 0.8851416   0.3362066
 0.8828700   0.3120206
 0.9012254   0.3204362
 0.8737839   0.2152767
 0.8921393   0.2236923
 0.8760554   0.2394627
 0.7785196   0.0228344
 0.7941446   0.0228344
 0.7914142   0.0456688
 0.8566446   0.0228344
 0.8539142   0.0456688
 0.8410196   0.0228344
 0.8429927   0.1370063
 0.8300981   0.1141719
 0.8457231   0.1141719
 0.8504451   0.3396531
 0.8318324   0.3273293
 0.8481735   0.3154671
 0.7573817   0.2780338
 0.7737228   0.2661717
 0.7759944   0.2903577
 0.8390874   0.2187232
 0.8413589   0.2429092
 0.8227462   0.2305853
 0.8038613   0.5235199
 0.7904804   0.5313898
 0.7898206   0.5168985
 0.7369567   0.5628693
 0.7362969   0.5483780
 0.7503376   0.5549994
 0.7336578   0.4904129
 0.7476985   0.4970343
 0.7343176   0.5049042
 0.6013939   0.0223629
 0.5934127   0.0447258
 0.5857689   0.0223629
 0.5614882   0.1341774
 0.5538444   0.1118145
 0.5694694   0.1118145
 0.5232689   0.0223629
 0.5388939   0.0223629
 0.5309127   0.0447258
 0.6498488   0.0168836
 0.6654738   0.0168836
 0.6590725   0.0337672
 0.7279738   0.0168836
 0.7215725   0.0337672
 0.7123488   0.0168836
 0.6959675   0.1013015
 0.6867438   0.0844179
 0.7023688   0.0844179
 0.9816446   0.1478344
 0.9816446   0.1634594
 0.9632892   0.1550438
 0.9816446   0.2259594
 0.9632892   0.2175438
 0.9816446   0.2103344
 0.8898677   0.1838813
 0.9082231   0.1766719
 0.9082231   0.1922969
 0.7285699   0.7125292
 0.7299049   0.6925826
 0.7422491   0.7002017
 0.7352448   0.6127962
 0.7475891   0.6204153
 0.7339098   0.6327428
 0.7969662   0.6508919
 0.7832869   0.6632194
 0.7846219   0.6432728
 0.7520445   0.4642795
 0.7710910   0.4526373
 0.7660852   0.4709009
 0.8472770   0.4060687
 0.8422712   0.4243322
 0.8282305   0.4177108
 0.8222481   0.4973864
 0.8082073   0.4907651
 0.8272538   0.4791229
 0.9628265   0.4873043
 0.9417369   0.4900882
 0.9467427   0.4718247
 0.8573784   0.5012239
 0.8623842   0.4829604
 0.8784680   0.4984400
 0.8824073   0.4099061
 0.8984912   0.4253858
 0.8774015   0.4281697
 0.9789104   0.5965339
 0.9578207   0.5836929
 0.9789104   0.5809089
 0.8734622   0.5323286
 0.8945519   0.5295446
 0.8945519   0.5451696
 0.9789104   0.5184089
 0.9789104   0.5340339
 0.9578207   0.5211929
 0.9778737   0.6432729
 0.9778737   0.6588979
 0.9557474   0.6459209
 0.9778737   0.7213979
 0.9557474   0.7084209
 0.9778737   0.7057729
 0.8672423   0.6565127
 0.8893686   0.6538647
 0.8893686   0.6694897
 0.6212222   0.5020341
 0.6376213   0.4989936
 0.6382811   0.5134849
 0.7032179   0.4868319
 0.7038777   0.5013232
 0.6868188   0.4898724
 0.7065168   0.5592883
 0.6894579   0.5478375
 0.7058570   0.5447971
 0.3395931   0.6140073
 0.3409471   0.5928079
 0.3567650   0.5984744
 0.3463634   0.5080102
 0.3621813   0.5136767
 0.3450093   0.5292096
 0.4254530   0.5363428
 0.4082810   0.5518757
 0.4096350   0.5306763
 0.2523484   0.3603955
 0.2630856   0.3817389
 0.2479575   0.3890502
 0.3060343   0.4671123
 0.2909062   0.4744236
 0.2952971   0.4457689
 0.2303938   0.5036692
 0.2347847   0.4750144
 0.2455219   0.4963578
 0.2692188   0.9862380
 0.2756250   0.9724760
 0.2820313   0.9862380
 0.3012500   0.9174281
 0.3076563   0.9311900
 0.2948438   0.9311900
 0.3332813   0.9862380
 0.3204688   0.9862380
 0.3268750   0.9724760
 0.9839162   0.3907704
 0.9839162   0.4063954
 0.9678323   0.3909157
 0.9839162   0.4688954
 0.9678323   0.4534157
 0.9839162   0.4532704
 0.9034970   0.3914972
 0.9195808   0.3913518
 0.9195808   0.4069768
 0.0139745   0.8612693
 0.0279490   0.8669137
 0.0139745   0.8818943
 0.0838469   0.8894910
 0.0698724   0.9044717
 0.0698724   0.8838467
 0.0139745   0.9643943
 0.0139745   0.9437693
 0.0279490   0.9494137
 0.3717188   0.9886458
 0.3781250   0.9772916
 0.3845313   0.9886458
 0.4037500   0.9318749
 0.4101563   0.9432291
 0.3973438   0.9432291
 0.4357813   0.9886458
 0.4229688   0.9886458
 0.4293750   0.9772916
 0.3267036   0.8791285
 0.3393447   0.8659451
 0.3395161   0.8815363
 0.3899090   0.8132114
 0.3900804   0.8288026
 0.3772679   0.8263948
 0.3907661   0.8911675
 0.3779536   0.8887597
 0.3905947   0.8755763
 0.5161389   0.8696685
 0.5004577   0.8553438
 0.5201305   0.8546277
 0.4377327   0.7980453
 0.4574056   0.7973291
 0.4534140   0.8123699
 0.5360970   0.7944645
 0.5321053   0.8095053
 0.5164241   0.7951806
 0.6805904   0.8702220
 0.6557954   0.8725172
 0.6597870   0.8574764
 0.5566152   0.8816979
 0.5606068   0.8666571
 0.5814102   0.8794027
 0.5765732   0.8064939
 0.5973767   0.8192395
 0.5725816   0.8215347
 0.6178536   0.9873792
 0.5922286   0.9873792
 0.6013321   0.9747585
 0.4897286   0.9873792
 0.4988321   0.9747585
 0.5153536   0.9873792
 0.5352464   0.9242754
 0.5517678   0.9368962
 0.5261428   0.9368962
 0.2170995   0.9850193
 0.2014745   0.9850193
 0.1998240   0.9700387
 0.1389745   0.9850193
 0.1373240   0.9700387
 0.1545995   0.9850193
 0.1307219   0.9101160
 0.1479974   0.9250967
 0.1323724   0.9250967
 0.0295995   0.9850193
 0.0435740   0.9700387
 0.0452245   0.9850193
 0.0994719   0.9101160
 0.1011224   0.9250967
 0.0854974   0.9250967
 0.1077245   0.9850193
 0.0920995   0.9850193
 0.1060740   0.9700387
 0.2857288   0.6398294
 0.2641647   0.6428071
 0.2719548   0.6259413
 0.1779081   0.6547182
 0.1856982   0.6378524
 0.1994723   0.6517405
 0.2168587   0.5703892
 0.2306327   0.5842772
 0.2090686   0.5872550
 0.1516187   0.7171864
 0.1592782   0.7341119
 0.1470239   0.7428855
 0.1899165   0.8018139
 0.1776622   0.8105876
 0.1822569   0.7848884
 0.1286449   0.8456820
 0.1332396   0.8199829
 0.1408992   0.8369084
 0.1253899   0.7203157
 0.1207951   0.7460148
 0.1068206   0.7403705
 0.1024161   0.8488112
 0.0884416   0.8431669
 0.1070108   0.8231121
 0.0325437   0.8205896
 0.0511129   0.8005348
 0.0465182   0.8262339
 0.1477319   0.8725998
 0.1599862   0.8638262
 0.1714137   0.8738184
 0.2090035   0.8287317
 0.2204309   0.8387240
 0.1967492   0.8375053
 0.2661408   0.8786931
 0.2424590   0.8774745
 0.2547133   0.8687008
 0.2125000   0.0552083
 0.1945312   0.0414062
 0.1898438   0.0138021
 0.2054688   0.0138021
 0.2414063   0.0414062
 0.2437500   0.0552083
 0.0742769   0.7341559
 0.0557077   0.7542107
 0.0185692   0.7530702
 0.0185692   0.7324452
 0.0557077   0.6923357
 0.0742769   0.6929059
 0.4544906   0.3789575
 0.4775107   0.3801417
 0.4983714   0.4233049
 0.4857817   0.4437024
 0.4397415   0.4413341
 0.4293111   0.4197525
 0.3617187   0.0684896
 0.3617187   0.0867187
 0.3351563   0.1143229
 0.3218750   0.1098958
 0.3218750   0.0734375
 0.3351563   0.0596354
 0.7767226   0.5692400
 0.7901035   0.5613701
 0.8147921   0.5766083
 0.8137554   0.5920974
 0.7869936   0.6078371
 0.7746493   0.6002180
 0.7926543   0.7663242
 0.7762995   0.7578621
 0.7709483   0.7162830
 0.7846276   0.7039555
 0.8173373   0.7208797
 0.8200129   0.7416692
 0.2750000   0.0552083
 0.2726563   0.0414062
 0.2992187   0.0138021
 0.3148437   0.0138021
 0.3195313   0.0414062
 0.3062500   0.0552083
 0.4544989   0.1712339
 0.4777677   0.1753677
 0.4971523   0.2013664
 0.4835757   0.2102321
 0.4370379   0.2019646
 0.4273457   0.1889652
 0.4828293   0.3053784
 0.4961571   0.3195619
 0.4767726   0.3455607
 0.4537525   0.3443766
 0.4270969   0.3160095
 0.4367891   0.3030101
 0.2007562   0.7392861
 0.1930967   0.7223606
 0.2209059   0.6825540
 0.2424700   0.6795762
 0.2577891   0.7134272
 0.2438845   0.7333305
 0.1570878   0.2522372
 0.1665190   0.2398934
 0.2000071   0.2459303
 0.2073198   0.2612925
 0.1884573   0.2859800
 0.1717133   0.2829615
 0.6589943   0.2227583
 0.6388347   0.2104247
 0.6329252   0.1747988
 0.6501301   0.1693195
 0.6904494   0.1939867
 0.6934041   0.2117997
 0.9125315   0.6201028
 0.8904053   0.6227507
 0.8482260   0.5970686
 0.8492626   0.5815795
 0.8935152   0.5762836
 0.9146048   0.5891247
 0.5545063   0.5753716
 0.5345317   0.5621212
 0.5269129   0.5274071
 0.5430780   0.5233005
 0.5830272   0.5498014
 0.5868366   0.5671584
 0.4850080   0.9381628
 0.4759044   0.9507835
 0.4448848   0.9533167
 0.4384786   0.9419625
 0.4566857   0.9167209
 0.4721955   0.9154544
 0.0468750   0.0156250
 0.0625000   0.0156250
 0.0625000   0.0468750
 0.0468750   0.0625000
 0.0156250   0.0625000
 0.0156250   0.0468750
 0.0843187   0.2223438
 0.1077562   0.2167188
 0.1357687   0.2301563
 0.1263375   0.2425000
 0.0794625   0.2537500
 0.0654562   0.2470313
 0.1328125   0.0859375
 0.1406250   0.1093750
 0.1093750   0.1406250
 0.0859375   0.1328125
 0.0703125   0.0859375
 0.0859375   0.0703125
 0.0976473   0.5391835
 0.1240066   0.5435129
 0.1611451   0.5859033
 0.1533550   0.6027692
 0.1006363   0.5941103
 0.0820670   0.5729151
 0.4451439   0.0952796
 0.4607689   0.0770504
 0.5073066   0.0853179
 0.5149505   0.1076808
 0.4837005   0.1441391
 0.4604316   0.1400054
 0.3588753   0.2444002
 0.3588753   0.2703989
 0.3266258   0.3115400
 0.3105011   0.3061117
 0.3105011   0.2541141
 0.3266258   0.2335436
 0.9293089   0.1310032
 0.9109535   0.1382125
 0.8797035   0.1069625
 0.8824339   0.0841282
 0.9191446   0.0697094
 0.9347696   0.0853344
 0.6410431   0.2973852
 0.6206347   0.3081007
 0.5803154   0.2834335
 0.5805642   0.2603843
 0.6213810   0.2389532
 0.6415407   0.2512868
 0.6446901   0.0730136
 0.6539139   0.0898972
 0.6379516   0.1346230
 0.6207468   0.1401023
 0.6022992   0.1063352
 0.6102804   0.0839723
 0.6403605   0.3444004
 0.6607689   0.3336848
 0.7007180   0.3601857
 0.7002842   0.3841517
 0.6594674   0.4055829
 0.6394928   0.3923324
 0.5356932   0.4896526
 0.5195280   0.4937592
 0.5123772   0.4611774
 0.5249669   0.4407799
 0.5572972   0.4325667
 0.5608726   0.4488576
 0.7848377   0.2123107
 0.7684966   0.2241728
 0.7299048   0.2122712
 0.7269501   0.1944582
 0.7596324   0.1707340
 0.7789282   0.1766848
 0.9375000   0.9531250
 0.9531250   0.9375000
 0.9843750   0.9375000
 0.9843750   0.9531250
 0.9531250   0.9843750
 0.9375000   0.9843750
 0.6200607   0.5745027
 0.6162513   0.5571456
 0.6427503   0.5453333
 0.6598092   0.5567841
 0.6674281   0.5914982
 0.6541786   0.5974044
 0.7393053   0.3857600
 0.7397391   0.3617940
 0.7778321   0.3385097
 0.7964448   0.3508335
 0.7955771   0.3987656
 0.7765306   0.4104077
 0.9805493   0.8046875
 0.9805493   0.8203125
 0.9416479   0.8359375
 0.9221973   0.8281250
 0.9221973   0.7968750
 0.9416479   0.7890625
 0.5359780   0.7179945
 0.5256136   0.7038497
 0.5402332   0.6672928
 0.5579073   0.6631592
 0.5786361   0.6914489
 0.5713263   0.7097273
 0.4009035   0.4344834
 0.4113339   0.4560651
 0.4005588   0.4878952
 0.3847408   0.4822287
 0.3638801   0.4390655
 0.3692677   0.4231504
 0.6439683   0.7434769
 0.6247440   0.7477150
 0.6009150   0.7196342
 0.6082247   0.7013557
 0.6466733   0.6928797
 0.6585878   0.7069201
 0.2756126   0.7470649
 0.2895172   0.7271616
 0.3376543   0.7207793
 0.3478183   0.7374915
 0.3200091   0.7772980
 0.2959405   0.7804892
 0.4161287   0.6426113
 0.3966563   0.6407602
 0.3920554   0.6059921
 0.4092273   0.5904592
 0.4481722   0.5941614
 0.4504726   0.6115455
 0.0967094   0.3440625
 0.0962647   0.3610937
 0.0682522   0.3745312
 0.0546907   0.3642187
 0.0555802   0.3301562
 0.0695865   0.3234375
 0.7737195   0.9403362
 0.7923208   0.9552522
 0.7757736   0.9850841
 0.7488986   0.9850841
 0.7116958   0.9552522
 0.7199695   0.9403362
 0.8920442   0.7059043
 0.9141705   0.7188813
 0.9195217   0.7604604
 0.9000710   0.7682729
 0.8558184   0.7423188
 0.8531428   0.7215293
 0.8791479   0.9140625
 0.8753223   0.8906250
 0.9065723   0.8593750
 0.9260229   0.8671875
 0.9336743   0.9140625
 0.9180493   0.9296875
 0.6699025   0.6288018
 0.6831520   0.6228956
 0.7069810   0.6509765
 0.7056461   0.6709230
 0.6791470   0.6827354
 0.6672325   0.6686950
 0.7823747   0.1419883
 0.7630789   0.1360375
 0.7372896   0.0903687
 0.7436909   0.0734851
 0.7822826   0.0853867
 0.7951772   0.1082211
 0.6497853   0.4651711
 0.6333861   0.4682115
 0.5934370   0.4417106
 0.5898615   0.4254197
 0.6226598   0.4193389
 0.6426344   0.4325893
 0.9839162   0.3126454
 0.9839162   0.3282704
 0.9517485   0.3598111
 0.9356646   0.3599565
 0.9356646   0.3287065
 0.9517485   0.3129361
 0.7362271   0.8211999
 0.7346480   0.8042163
 0.7641994   0.7871732
 0.7805542   0.7956353
 0.7837126   0.8296026
 0.7689369   0.8381241
 0.4499769   0.7391376
 0.4592854   0.7242766
 0.4986310   0.7228443
 0.5089954   0.7369891
 0.4903785   0.7667111
 0.4707056   0.7674273
 0.6382377   0.7787390
 0.6574619   0.7745010
 0.6990688   0.7999922
 0.7006480   0.8169759
 0.6621994   0.8254519
 0.6413960   0.8127063
 0.4656178   0.8885090
 0.4501080   0.8897755
 0.4187456   0.8611263
 0.4185741   0.8455351
 0.4495938   0.8430019
 0.4652750   0.8573266
 0.7891174   0.8700237
 0.8038931   0.8615022
 0.8410959   0.8913341
 0.8449216   0.9147716
 0.8153702   0.9318147
 0.7967688   0.9168987
 0.3460938   0.9108895
 0.3589063   0.9132973
 0.3717188   0.9408213
 0.3653125   0.9521754
 0.3396875   0.9473598
 0.3332813   0.9335979
 0.6187093   0.9472218
 0.6021879   0.9346010
 0.6187351   0.9047691
 0.6435302   0.9024739
 0.6765730   0.9277155
 0.6682994   0.9426314
 0.4294486   0.7082806
 0.4201401   0.7231416
 0.3811953   0.7194394
 0.3710313   0.7027272
 0.3896482   0.6730052
 0.4091206   0.6748563
 0.4876192   0.6092630
 0.4853187   0.5918790
 0.5206670   0.5836118
 0.5406416   0.5968623
 0.5452425   0.6316303
 0.5275683   0.6357639
 0.3403869   0.8271782
 0.3277458   0.8403616
 0.2796087   0.8467438
 0.2681813   0.8367515
 0.2934634   0.8103847
 0.3175320   0.8071936
 0.2700331   0.5315892
 0.2851612   0.5242778
 0.3127093   0.5520539
 0.3113552   0.5732533
 0.2810990   0.5878761
 0.2673250   0.5739880
 0.2001167   0.8987914
 0.2237984   0.9000101
 0.2583495   0.9299714
 0.2519432   0.9437334
 0.2045797   0.9412960
 0.1873042   0.9263154
 0.0185692   0.6086952
 0.0185692   0.5880702
 0.0557077   0.5892107
 0.0742769   0.6104059
 0.0742769   0.6516559
 0.0557077   0.6510857
 0.0560250   0.2996875
 0.0420188   0.3064062
 0.0140063   0.2929688
 0.0140063   0.2795313
 0.0420188   0.2660938
 0.0560250   0.2728125
 0.0703125   0.1618750
 0.0937500   0.1696875
 0.0937500   0.1965625
 0.0703125   0.2021875
 0.0234375   0.1865625
 0.0234375   0.1731250
 0.0135615   0.4328125
 0.0135615   0.4121875
 0.0406844   0.3915625
 0.0542459   0.4018750
 0.0542459   0.4431250
 0.0406844   0.4534375
 0.1768721   0.4670548
 0.1640742   0.4524129
 0.1728561   0.3951034
 0.1900448   0.3810906
 0.2156406   0.4103744
 0.2112497   0.4390292
 0.2252815   0.1739559
 0.2354378   0.1643205
 0.2500633   0.1950449
 0.2472198   0.2200425
 0.2269073   0.2393133
 0.2195946   0.2239511
 0.3427126   0.3961405
 0.3373250   0.4120556
 0.3050756   0.4011991
 0.2943384   0.3798557
 0.3051135   0.3480256
 0.3212382   0.3534538
 0.1270149   0.3573934
 0.1274597   0.3403622
 0.1618373   0.3123365
 0.1785813   0.3153550
 0.1776918   0.3494175
 0.1605030   0.3634303
 0.0670438   0.4783919
 0.0806052   0.4680794
 0.1333239   0.4767382
 0.1461218   0.4913802
 0.1189989   0.5120052
 0.0926395   0.5076757
 0.3057503   0.1486955
 0.3190315   0.1531226
 0.3133446   0.2031178
 0.2972198   0.2236883
 0.2706573   0.2148341
 0.2735008   0.1898365
 0.2203125   0.1255208
 0.2101562   0.1351563
 0.1742188   0.1075521
 0.1664063   0.0841146
 0.1867187   0.0648437
 0.2046875   0.0786458
 0.5065958   0.2374150
 0.5201724   0.2285493
 0.5468280   0.2569164
 0.5465792   0.2799656
 0.5194260   0.2976969
 0.5060982   0.2835133
 0.3906250   0.0729167
 0.3906250   0.0546875
 0.4218750   0.0182292
 0.4375000   0.0182292
 0.4375000   0.0546875
 0.4218750   0.0729167
 0.4040768   0.2108303
 0.4137691   0.2238297
 0.4137691   0.2758272
 0.4040768   0.2888266
 0.3846923   0.2628278
 0.3846923   0.2368290
 0.9375000   0.0156250
 0.9531250   0.0156250
 0.9843750   0.0468750
 0.9843750   0.0625000
 0.9531250   0.0625000
 0.9375000   0.0468750
 0.8805985   0.2878346
 0.8783270   0.2636487
 0.9104946   0.2321079
 0.9288500   0.2405235
 0.9333931   0.2888955
 0.9173093   0.3046659
 0.8511839   0.0685032
 0.8484535   0.0913375
 0.8172035   0.0913375
 0.8043089   0.0685032
 0.8097696   0.0228344
 0.8253946   0.0228344
 0.7900640   0.2543096
 0.8064051   0.2424474
 0.8436304   0.2670952
 0.8459020   0.2912811
 0.8132197   0.3150054
 0.7946071   0.3026815
 0.7356371   0.5338867
 0.7349773   0.5193955
 0.7617392   0.5036557
 0.7757799   0.5102771
 0.7770995   0.5392597
 0.7637185   0.5471295
 0.5462005   0.0894516
 0.5385566   0.0670887
 0.5545189   0.0223629
 0.5701439   0.0223629
 0.5854316   0.0670887
 0.5774505   0.0894516
 0.7151713   0.0506507
 0.7087700   0.0675343
 0.6775200   0.0675343
 0.6682963   0.0506507
 0.6810988   0.0168836
 0.6967238   0.0168836
 0.9449339   0.2091282
 0.9265785   0.2007125
 0.9265785   0.1694625
 0.9449339   0.1622532
 0.9816446   0.1790844
 0.9816446   0.1947094
 0.7599334   0.6280345
 0.7722777   0.6356536
 0.7696077   0.6755468
 0.7559284   0.6878743
 0.7312398   0.6726360
 0.7325748   0.6526894
 0.8372654   0.4425958
 0.8322596   0.4608593
 0.7941666   0.4841437
 0.7801259   0.4775223
 0.7901375   0.4409951
 0.8091840   0.4293530
 0.8673900   0.4646968
 0.8723958   0.4464332
 0.9145750   0.4408654
 0.9306588   0.4563450
 0.9206473   0.4928721
 0.8995576   0.4956561
 0.9156415   0.5267607
 0.9367311   0.5239768
 0.9789104   0.5496589
 0.9789104   0.5652839
 0.9367311   0.5708518
 0.9156415   0.5580107
 0.9336212   0.6954438
 0.9114949   0.6824668
 0.9114949   0.6512168
 0.9336212   0.6485688
 0.9778737   0.6745229
 0.9778737   0.6901479
 0.7045375   0.5158145
 0.7051973   0.5303058
 0.6723989   0.5363866
 0.6553400   0.5249358
 0.6540205   0.4959532
 0.6704196   0.4929128
 0.3779992   0.5193432
 0.3938171   0.5250097
 0.3911090   0.5674086
 0.3739370   0.5829415
 0.3423012   0.5716085
 0.3436553   0.5504090
 0.2757781   0.4817350
 0.2606500   0.4890464
 0.2391756   0.4463597
 0.2435665   0.4177050
 0.2738227   0.4030822
 0.2845599   0.4244256
 0.3140625   0.9449520
 0.3204688   0.9587140
 0.3076563   0.9862380
 0.2948438   0.9862380
 0.2820313   0.9587140
 0.2884375   0.9449520
 0.9517485   0.4379361
 0.9356646   0.4224565
 0.9356646   0.3912065
 0.9517485   0.3910611
 0.9839162   0.4220204
 0.9839162   0.4376454
 0.0558979   0.9194523
 0.0419234   0.9344330
 0.0139745   0.9231443
 0.0139745   0.9025193
 0.0419234   0.8725580
 0.0558979   0.8782023
 0.4165625   0.9545832
 0.4229688   0.9659374
 0.4101563   0.9886458
 0.3973438   0.9886458
 0.3845313   0.9659374
 0.3909375   0.9545832
 0.3902518   0.8443938
 0.3904232   0.8599850
 0.3651411   0.8863519
 0.3523286   0.8839441
 0.3519857   0.8527616
 0.3646268   0.8395782
 0.4770784   0.7966129
 0.4967513   0.7958968
 0.5281137   0.8245461
 0.5241221   0.8395869
 0.4847764   0.8410192
 0.4690952   0.8266945
 0.5645984   0.8516163
 0.5685900   0.8365755
 0.6181801   0.8319851
 0.6389836   0.8447308
 0.6310003   0.8748124
 0.6062053   0.8771075
 0.5079357   0.9621377
 0.5170393   0.9495169
 0.5682893   0.9495169
 0.5848107   0.9621377
 0.5666036   0.9873792
 0.5409786   0.9873792
 0.1356734   0.9550580
 0.1340229   0.9400773
 0.1652729   0.9400773
 0.1825484   0.9550580
 0.1858495   0.9850193
 0.1702245   0.9850193
 0.1027729   0.9400773
 0.1044234   0.9550580
 0.0764745   0.9850193
 0.0608495   0.9850193
 0.0575484   0.9550580
 0.0715229   0.9400773
 0.1934883   0.6209866
 0.2012784   0.6041208
 0.2444067   0.5981652
 0.2581808   0.6120533
 0.2426006   0.6457849
 0.2210364   0.6487627
 0.1654078   0.8193612
 0.1531535   0.8281348
 0.1378344   0.7942838
 0.1424291   0.7685847
 0.1669378   0.7510374
 0.1745973   0.7679629
 0.0744671   0.8375226
 0.0604927   0.8318782
 0.0696822   0.7804800
 0.0882514   0.7604252
 0.1162004   0.7717139
 0.1116056   0.7974130
 0.2318584   0.8487163
 0.2432859   0.8587086
 0.2187772   0.8762558
 0.1950954   0.8750371
 0.1722405   0.8550525
 0.1844949   0.8462789
 0.2343750   0.0000000
 0.2523437   0.0138021
 0.2570313   0.0414062
 0.2031250   0.0000000
 0.2664062   0.0966146
 0.2507812   0.0966146
 0.2148438   0.0690104
 0.2617188   0.0690104
 0.1429688   0.0138021
 0.1406250   0.0000000
 0.1718750   0.0000000
 0.1789062   0.0414062
 0.0000000   0.6906250
 0.0185692   0.6705702
 0.0557077   0.6717107
 0.0000000   0.7318750
 0.1299846   0.6739916
 0.1299846   0.6946166
 0.0928462   0.7347261
 0.0928462   0.6728511
 0.0185692   0.8149452
 0.0000000   0.8143750
 0.0000000   0.7731250
 0.0557077   0.7748357
 0.4710326   0.5060789
 0.4480125   0.5048948
 0.4271518   0.4617316
 0.4962120   0.4652840
 0.3854304   0.3754051
 0.3980201   0.3550077
 0.4440603   0.3573759
 0.4062911   0.4185684
 0.5361406   0.3621125
 0.5465709   0.3836941
 0.5213915   0.4244890
 0.4901004   0.3597442
 0.2820312   0.1148437
 0.2820312   0.0966146
 0.3085938   0.0690104
 0.3085938   0.1236979
 0.3617187   0.0138021
 0.3750000   0.0182292
 0.3750000   0.0546875
 0.3351563   0.0414062
 0.3750000   0.1276042
 0.3617187   0.1414062
 0.3351563   0.1325521
 0.3750000   0.0911458
 0.8240264   0.6306946
 0.8106455   0.6385644
 0.7859569   0.6233262
 0.8260997   0.5997165
 0.7365798   0.5928496
 0.7376164   0.5773606
 0.7643783   0.5616208
 0.7612684   0.6080879
 0.8179020   0.5301413
 0.8302463   0.5377604
 0.8281730   0.5687385
 0.7911402   0.5458811
 0.8093105   0.6585110
 0.8256654   0.6669731
 0.8310165   0.7085522
 0.7819520   0.6831659
 0.8417189   0.7917104
 0.8280397   0.8040379
 0.7953299   0.7871137
 0.8363677   0.7501313
 0.7299105   0.7532653
 0.7272349   0.7324758
 0.7545934   0.7078209
 0.7626202   0.7701895
 0.3593750   0.0000000
 0.3281250   0.0000000
 0.2656250   0.0000000
 0.2968750   0.0000000
 0.4661147   0.2409628
 0.4428458   0.2368290
 0.4234613   0.2108303
 0.4932679   0.2232315
 0.3846923   0.1588327
 0.3982689   0.1499671
 0.4448066   0.1582345
 0.4040768   0.1848315
 0.5378821   0.1747695
 0.5475744   0.1877689
 0.5204211   0.2055002
 0.4913444   0.1665020
 0.3846923   0.3408241
 0.4040768   0.3148254
 0.4428458   0.2628278
 0.4658659   0.2640120
 0.4925216   0.2923790
 0.4234613   0.2888266
 0.5458328   0.3491131
 0.5191772   0.3207460
 0.2995029   0.6537174
 0.3071624   0.6706429
 0.2793533   0.7104495
 0.2563746   0.6596730
 0.2237349   0.7900626
 0.2021708   0.7930403
 0.1868517   0.7591893
 0.2515441   0.7502560
 0.1562134   0.6914873
 0.1701180   0.6715840
 0.2132463   0.6656285
 0.1715325   0.7253383
 0.2386894   0.2950352
 0.2292581   0.3073790
 0.1957701   0.3013421
 0.2240638   0.2643109
 0.1287940   0.2892684
 0.1214812   0.2739063
 0.1403437   0.2492188
 0.1622821   0.2953053
 0.1780687   0.1998437
 0.1948128   0.2028622
 0.2094383   0.2335865
 0.1592062   0.2245313
 0.6815852   0.1405479
 0.7017448   0.1528815
 0.7076542   0.1885074
 0.6471754   0.1515066
 0.7194732   0.2597591
 0.7022683   0.2652385
 0.6619491   0.2405713
 0.7135637   0.2241333
 0.5813106   0.1912368
 0.5783559   0.1734239
 0.6127656   0.1624652
 0.6216298   0.2159040
 0.8523726   0.5351125
 0.8945519   0.5607946
 0.9789104   0.6121589
 0.9778737   0.6276479
 0.9336212   0.6329438
 0.9367311   0.5864768
 0.8451160   0.6435356
 0.8893686   0.6382397
 0.5715989   0.4977302
 0.5915735   0.5109807
 0.5991923   0.5456948
 0.5392686   0.5059434
 0.6144300   0.6151230
 0.5982649   0.6192296
 0.5583157   0.5927287
 0.6068112   0.5804089
 0.4784174   0.5397269
 0.4746080   0.5223698
 0.5069383   0.5141566
 0.5183666   0.5662278
 0.4101563   0.9205207
 0.4192598   0.9078999
 0.4502794   0.9053668
 0.4229688   0.9432291
 0.5123187   0.9003005
 0.5187250   0.9116547
 0.5005178   0.9368962
 0.4812991   0.9028336
 0.4641036   0.9873792
 0.4485938   0.9886458
 0.4357813   0.9659374
 0.4823107   0.9621377
 0.0156250   0.1093750
 0.0000000   0.1093750
 0.0000000   0.0781250
 0.0468750   0.0781250
 0.0000000   0.0156250
 0.0156250   0.0000000
 0.0468750   0.0000000
 0.0000000   0.0468750
 0.1093750   0.0000000
 0.1093750   0.0156250
 0.0781250   0.0468750
 0.0781250   0.0000000
 0.0980438   0.2795313
 0.0700313   0.2660938
 0.0140063   0.2392188
 0.0234375   0.2268750
 0.0703125   0.2156250
 0.0420188   0.2526563
 0.1640625   0.1931250
 0.1171875   0.2043750
 0.0234375   0.1328125
 0.0703125   0.1484375
 0.1328125   0.0234375
 0.1484375   0.0703125
 0.1796875   0.1640625
 0.1640625   0.1796875
 0.1171875   0.1640625
 0.1640625   0.1171875
 0.1563440   0.6576960
 0.1299846   0.6533666
 0.0928462   0.6109761
 0.1719242   0.6239644
 0.0185692   0.5261952
 0.0263593   0.5093294
 0.0790780   0.5179882
 0.0557077   0.5685857
 0.1845154   0.5353059
 0.2030846   0.5565011
 0.1875044   0.5902327
 0.1317967   0.5266471
 0.5535071   0.1565403
 0.5382194   0.1118145
 0.3906250   0.1276042
 0.4218750   0.0911458
 0.4843750   0.0182292
 0.5076439   0.0223629
 0.5229316   0.0670887
 0.4531250   0.0546875
 0.2621269   0.3158257
 0.2621269   0.2898269
 0.2943763   0.2486859
 0.2943763   0.3266822
 0.3588753   0.1664038
 0.3750000   0.1718321
 0.3750000   0.2238297
 0.3266258   0.2075449
 0.3750000   0.3278248
 0.3588753   0.3483953
 0.3266258   0.3375387
 0.3750000   0.2758272
 0.8722696   0.0228344
 0.8906250   0.0156250
 0.9218750   0.0468750
 0.8668089   0.0685032
 0.9843750   0.1093750
 0.9816446   0.1322094
 0.9449339   0.1466282
 0.9531250   0.0781250
 0.8715123   0.1754657
 0.8558873   0.1598407
 0.8613481   0.1141719
 0.9082231   0.1610469
 0.5609022   0.2019524
 0.5604046   0.2480507
 0.7020195   0.2882877
 0.6612027   0.3097188
 0.5795691   0.3525811
 0.5594095   0.3402474
 0.5599070   0.2941491
 0.6203859   0.3311499
 0.5691321   0.1565403
 0.5850944   0.1118145
 0.6170189   0.0223629
 0.6342238   0.0168836
 0.6526713   0.0506507
 0.6010566   0.0670887
 0.6895663   0.1181850
 0.6711188   0.0844179
 0.7193911   0.4453342
 0.6989827   0.4560498
 0.6590336   0.4295489
 0.7202588   0.3974022
 0.5791352   0.3765471
 0.6190844   0.4030480
 0.7219941   0.3015381
 0.7211264   0.3494701
 0.5627361   0.3795875
 0.5698869   0.4121693
 0.5841887   0.4773328
 0.5770378   0.4447510
 0.7180859   0.1410194
 0.7566776   0.1529210
 0.8338611   0.1767243
 0.8368158   0.1945372
 0.8041336   0.2182615
 0.7952694   0.1648227
 0.7387690   0.2657100
 0.7714513   0.2419857
 1.0000000   0.9843750
 0.9843750   1.0000000
 0.9531250   1.0000000
 1.0000000   0.9531250
 0.8906250   1.0000000
 0.8906250   0.9843750
 0.9218750   0.9531250
 0.9218750   1.0000000
 0.9843750   0.8906250
 1.0000000   0.8906250
 1.0000000   0.9218750
 0.9531250   0.9218750
 0.7071766   0.5737796
 0.7109860   0.5911367
 0.6844870   0.6029491
 0.6730587   0.5508779
 0.6314890   0.6265738
 0.6579880   0.6147614
 0.6048230   0.5050745
 0.6389409   0.5279762
 0.8527166   0.3638391
 0.8522828   0.3878051
 0.8141898   0.4110894
 0.8154913   0.3391914
 0.7380038   0.4576581
 0.7760968   0.4343737
 0.7410406   0.2898959
 0.7782659   0.3145437
 0.8638452   0.8203125
 0.8638452   0.8046875
 0.9027466   0.7890625
 0.9027466   0.8359375
 0.9805493   0.7578125
 1.0000000   0.7656250
 1.0000000   0.7968750
 0.9416479   0.7734375
 1.0000000   0.8593750
 0.9805493   0.8671875
 0.9416479   0.8515625
 1.0000000   0.8281250
 0.6005653   0.6366136
 0.6109297   0.6507585
 0.5963102   0.6873153
 0.5652170   0.6448808
 0.5670712   0.7604291
 0.5493970   0.7645626
 0.5286683   0.7362730
 0.5816907   0.7238722
 0.4872107   0.6796936
 0.4945205   0.6614152
 0.5298688   0.6531480
 0.5079395   0.7079833
 0.3477175   0.4868108
 0.3372871   0.4652291
 0.3480622   0.4333990
 0.3793533   0.4981438
 0.3696124   0.3697386
 0.3588373   0.4015688
 0.4426249   0.5208099
 0.4109891   0.5094768
 0.6301540   0.6465204
 0.6539830   0.6746012
 0.7016411   0.7307628
 0.6943313   0.7490413
 0.6558828   0.7575173
 0.6778121   0.7026820
 0.5789857   0.7744695
 0.6174342   0.7659934
 0.3922147   0.7677246
 0.3783101   0.7876279
 0.3301730   0.7940102
 0.3718868   0.7343004
 0.2338989   0.8067747
 0.2820360   0.8003924
 0.3312310   0.6674518
 0.3515589   0.7008761
 0.4412709   0.5420093
 0.4607433   0.5438605
 0.4653442   0.5786285
 0.4069269   0.5730751
 0.4745459   0.6481647
 0.4573739   0.6636976
 0.4184291   0.6599953
 0.4699450   0.6133966
 0.3405394   0.6525908
 0.3382390   0.6352067
 0.3725830   0.6041409
 0.3794843   0.6562931
 0.0135615   0.3503125
 0.0140063   0.3332812
 0.0420188   0.3198437
 0.0406844   0.3709375
 0.0980438   0.2929688
 0.1116052   0.3032813
 0.1107157   0.3373437
 0.0700313   0.3064062
 0.1089366   0.4054687
 0.0949303   0.4121875
 0.0678074   0.3915625
 0.1098261   0.3714062
 0.6868750   1.0000000
 0.6682736   0.9850841
 0.6848208   0.9552522
 0.7406250   1.0000000
 0.7179153   0.8955884
 0.7447903   0.8955884
 0.7819931   0.9254203
 0.7013681   0.9254203
 0.8563986   0.9850841
 0.8481250   1.0000000
 0.7943750   1.0000000
 0.8191958   0.9552522
 0.8451160   0.6591606
 0.8893686   0.6851147
 0.9778737   0.7370229
 0.9336212   0.7110688
 0.8711743   0.9765625
 0.8635229   0.9296875
 0.8482202   0.8359375
 0.8558716   0.8828125
 0.7148906   0.7248566
 0.7175606   0.6849634
 0.7229005   0.6051771
 0.7202306   0.6450703
 0.7435988   0.0168836
 0.7628946   0.0228344
 0.7886839   0.0685032
 0.7307963   0.0506507
 0.8402623   0.1598407
 0.8144731   0.1141719
 0.7051913   0.1181850
 0.7179938   0.0844179
 0.7025581   0.4723407
 0.6697598   0.4784215
 0.6041632   0.4905832
 0.6369615   0.4845024
 0.8874131   0.3760176
 0.8874131   0.3603926
 0.9195808   0.3288518
 0.9195808   0.3757268
 0.9839162   0.2657704
 1.0000000   0.2656250
 1.0000000   0.2968750
 0.9517485   0.2973111
 1.0000000   0.3593750
 0.9839162   0.3751454
 0.9517485   0.3754361
 1.0000000   0.3281250
 0.8296188   0.8210216
 0.8000674   0.8380647
 0.7409646   0.8721509
 0.7246098   0.8636888
 0.7214514   0.8297215
 0.7705160   0.8551078
 0.7151348   0.7617869
 0.7182931   0.7957542
 0.5400886   0.7794237
 0.5007429   0.7808560
 0.4220515   0.7837206
 0.4116871   0.7695758
 0.4303040   0.7398538
 0.4613972   0.7822883
 0.4675379   0.6804098
 0.4489210   0.7101318
 0.7053855   0.8679268
 0.6637786   0.8424356
 0.5805648   0.7914531
 0.6221717   0.8169443
 0.4025501   0.8000280
 0.4180599   0.7987614
 0.4494224   0.8274107
 0.4028929   0.8312104
 0.5121473   0.8847092
 0.4807848   0.8560600
 0.4035786   0.8935753
 0.4032357   0.8623928
 0.3589063   0.9886458
 0.3460938   0.9862380
 0.3332813   0.9587140
 0.3717188   0.9659374
 0.3076563   0.9036661
 0.3140625   0.8923119
 0.3396875   0.8971275
 0.3204688   0.9311900
 0.3909375   0.9067587
 0.3973438   0.9205207
 0.3845313   0.9432291
 0.3653125   0.9019431
 0.7013939   0.8829676
 0.6518038   0.8875580
 0.6434786   0.9873792
 0.6104357   0.9621377
 0.5443500   0.9116547
 0.5526236   0.8967387
 0.6022137   0.8921483
 0.5773928   0.9368962
 0.2212578   0.8199581
 0.2441127   0.8399427
 0.3897376   0.7976202
 0.3644554   0.8239870
 0.3138911   0.8767207
 0.2898225   0.8799118
 0.2669676   0.8599272
 0.3391732   0.8503538
 0.3224211   0.6295402
 0.3072930   0.6368516
 0.2797449   0.6090755
 0.3251292   0.5871414
 0.2246488   0.5535233
 0.2260029   0.5323239
 0.2562591   0.5177012
 0.2521969   0.5812994
 0.3167715   0.4884556
 0.3305455   0.5023437
 0.3278374   0.5447425
 0.2865153   0.5030784
 0.2564063   0.9862380
 0.2327245   0.9850193
 0.1981734   0.9550580
 0.2692188   0.9587140
 0.1290713   0.8951354
 0.1354776   0.8813734
 0.1828411   0.8838107
 0.1636224   0.9250967
 0.2775682   0.8886854
 0.2948438   0.9036661
 0.2820313   0.9311900
 0.2302047   0.8862481
 0.0000000   0.6493750
 0.0000000   0.6081250
 0.0000000   0.5256250
 0.0000000   0.5668750
 0.0000000   0.2459375
 0.0000000   0.2728125
 0.0000000   0.3265625
 0.0000000   0.2996875
 0.0000000   0.2190625
 0.0000000   0.1921875
 0.0000000   0.1384375
 0.0000000   0.1653125
 0.0949303   0.4328125
 0.0678074   0.4534375
 0.0135615   0.4946875
 0.0000000   0.4843750
 0.0000000   0.4431250
 0.0406844   0.4740625
 0.0000000   0.3606250
 0.0000000   0.4018750
 0.2288134   0.3244102
 0.2416112   0.3390521
 0.2328294   0.3963616
 0.1944358   0.3524359
 0.2152657   0.5109806
 0.1980769   0.5249934
 0.1724811   0.4957096
 0.2240475   0.4536711
 0.1212897   0.4371419
 0.1256806   0.4084872
 0.1600582   0.3804615
 0.1468854   0.4664257
 0.2488456   0.2853998
 0.2545326   0.2354046
 0.1976563   0.1778646
 0.2179687   0.1585937
 0.2585937   0.1200521
 0.2659065   0.1354143
 0.2602196   0.1854094
 0.2382812   0.1393229
 0.2567393   0.3317408
 0.2782137   0.3744275
 0.3211624   0.4598009
 0.2996880   0.4171142
 0.4843750   0.0000000
 0.4531250   0.0000000
 0.3906250   0.0000000
 0.4218750   0.0000000
 1.0000000   0.1093750
 1.0000000   0.0781250
 0.8906250   0.0000000
 0.9218750   0.0000000
 0.9843750   0.0000000
 1.0000000   0.0156250
 1.0000000   0.0468750
 0.9531250   0.0000000
 0.9816446   0.2415844
 0.9449339   0.2247532
 0.8690577   0.3519770
 0.8645147   0.3036050
 0.8554285   0.2068611
 0.8715123   0.1910907
 0.9082231   0.2079219
 0.8599716   0.2552330
 0.7656250   0.0000000
 0.7968750   0.0000000
 0.8593750   0.0000000
 0.8281250   0.0000000
 0.8172423   0.5156500
 0.7891608   0.5024072
 0.7235757   0.5707392
 0.7222562   0.5417566
 0.7196171   0.4837915
 0.7329980   0.4759216
 0.7610794   0.4891644
 0.7209366   0.5127741
 0.6093750   0.0000000
 0.5781250   0.0000000
 0.5156250   0.0000000
 0.5468750   0.0000000
 0.6406250   0.0000000
 0.6718750   0.0000000
 0.7343750   0.0000000
 0.7031250   0.0000000
 1.0000000   0.1406250
 1.0000000   0.1718750
 1.0000000   0.2343750
 1.0000000   0.2031250
 0.8663235   0.3944265
 0.8563119   0.4309536
 0.8362888   0.5040078
 0.8463003   0.4674807
 0.9839162   0.4845204
 0.9789104   0.5027839
 0.9367311   0.5083518
 0.9517485   0.4535611
 0.8523726   0.5194875
 0.8945519   0.5139196
 0.8874131   0.3916426
 0.9195808   0.4226018
 1.0000000   0.6093750
 1.0000000   0.5781250
 1.0000000   0.5156250
 1.0000000   0.5468750
 1.0000000   0.6406250
 1.0000000   0.6718750
 1.0000000   0.7343750
 1.0000000   0.7031250
 0.2628125   1.0000000
 0.2884375   1.0000000
 0.3396875   1.0000000
 0.3140625   1.0000000
 1.0000000   0.3906250
 1.0000000   0.4218750
 1.0000000   0.4843750
 1.0000000   0.4531250
 0.0000000   0.8556250
 0.0139745   0.8406443
 0.0419234   0.8519330
 0.0000000   0.8968750
 0.0978213   0.8745104
 0.0978213   0.8951354
 0.0698724   0.9250967
 0.0698724   0.8632217
 0.0139745   0.9850193
 0.0000000   0.9793750
 0.0000000   0.9381250
 0.0419234   0.9550580
 0.3653125   1.0000000
 0.3909375   1.0000000
 0.4421875   1.0000000
 0.4165625   1.0000000
 0.5318201   0.8839931
 0.5398034   0.8539115
 0.5557698   0.7937483
 0.5477866   0.8238299
 0.6343750   1.0000000
 0.5831250   1.0000000
 0.4806250   1.0000000
 0.5318750   1.0000000
 0.2343750   1.0000000
 0.2031250   1.0000000
 0.1406250   1.0000000
 0.1233495   0.9850193
 0.1200484   0.9550580
 0.1718750   1.0000000
 0.1134463   0.8951354
 0.1167474   0.9250967
 0.0156250   1.0000000
 0.0468750   1.0000000
 0.1093750   1.0000000
 0.0781250   1.0000000
 0.1439591   0.7002609
 0.1347696   0.7516591
 0.1975760   0.8187394
 0.1730674   0.8362867
 0.1240501   0.8713811
 0.1163906   0.8544556
 0.1255801   0.8030574
 0.1485588   0.8538339
