 0.0000000   0.0000000
 1.0000000   0.0000000
 1.0000000   1.0000000
 0.0000000   1.0000000
 0.0000000   0.3400000
 0.6600000   1.0000000
 0.5000000   0.0000000
 1.0000000   0.5000000
 0.2500000   0.0000000
 0.3750000   0.3538235
 0.0000000   0.6700000
 0.2500000   1.0000000
 0.7224279   0.2775721
 0.6182395   0.6324800
 0.0000000   0.1250000
 0.1250000   0.0000000
 0.1875000   0.1875000
 0.3750000   0.1458333
 0.5611510   0.1789032
 0.7500000   0.0000000
 0.5591607   0.3632966
 0.7189573   0.4693002
 1.0000000   0.7500000
 0.8229898   0.6461836
 0.4584428   0.5264764
 0.4023787   0.7844368
 0.2108748   0.5396353
 0.8750000   1.0000000
 1.0000000   0.8750000
 0.8443945   0.8125000
 1.0000000   0.2500000
 0.8713293   0.3761629
 0.7135556   0.7448032
 0.5597614   0.7787075
 0.4550000   1.0000000
 0.7261889   0.8806724
 0.4768464   0.6655488
 0.3210670   0.6507396
 0.2098303   0.8099658
 0.0000000   0.2325000
 0.1120500   0.2862500
 0.0000000   0.5050000
 0.2460021   0.3103974
 0.1084918   0.4225000
 0.2687500   0.1104167
 0.3750000   0.0000000
 0.4525381   0.2498284
 0.6987900   0.1350686
 0.8750000   0.0000000
 0.8531570   0.1826751
 0.6250000   0.0000000
 1.0000000   0.1250000
 0.7242355   0.5852305
 0.8312830   0.5222714
 1.0000000   0.6250000
 0.5877641   0.4936236
 0.3318996   0.4811442
 1.0000000   0.3750000
 0.3525000   1.0000000
 0.3012500   0.8899041
 0.4037500   0.9091665
 0.5278285   0.8990339
 0.1250000   1.0000000
 0.0000000   0.8350000
 0.1485539   0.6745618
 0.1117958   0.8801547
 0.1968750   0.0552083
 0.1875000   0.0000000
 0.2593750   0.0552083
 0.0742769   0.7547809
 0.0000000   0.7525000
 0.0742769   0.6722809
 0.4670803   0.3585601
 0.5088018   0.4448865
 0.4167214   0.4401500
 0.3750000   0.0729167
 0.3218750   0.1281250
 0.3218750   0.0552083
 0.7777592   0.5537509
 0.8271364   0.5842275
 0.7736126   0.6157070
 0.7789751   0.7786516
 0.7682727   0.6954934
 0.8336921   0.7293418
 0.3125000   0.0000000
 0.4680755   0.1623683
 0.5068445   0.2143658
 0.4137691   0.1978309
 0.5058494   0.3065625
 0.4137691   0.3018260
 0.1791921   0.7422638
 0.2348104   0.6626507
 0.2654487   0.7303527
 0.1497750   0.2368750
 0.2167511   0.2489487
 0.1790261   0.2983237
 0.6417894   0.2282376
 0.6299705   0.1569859
 0.7106090   0.2063203
 0.9114949   0.6355918
 0.9156415   0.5736357
 0.5383412   0.5794782
 0.5231035   0.5100500
 0.6030018   0.5630518
 0.4914143   0.9495169
 0.4293750   0.9545832
 0.4657893   0.9041002
 0.0625000   0.0000000
 0.0625000   0.0625000
 0.0000000   0.0625000
 0.0937500   0.2100000
 0.0560250   0.2593750
 0.1562500   0.0937500
 0.0937500   0.1562500
 0.1054374   0.5223177
 0.1797143   0.6070986
 0.0742769   0.5897809
 0.4375000   0.0729167
 0.5305755   0.0894516
 0.3750000   0.2498284
 0.3105011   0.3321105
 0.3105011   0.2281154
 0.9265785   0.1538375
 0.8640785   0.0913375
 0.9375000   0.0625000
 0.6407943   0.3204344
 0.5601558   0.2710999
 0.6618950   0.0675343
 0.5930755   0.0894516
 0.7206926   0.3734362
 0.6390590   0.4162984
 0.5734624   0.4284601
 0.7877924   0.2301236
 0.7759735   0.1588719
 0.9375000   0.9375000
 1.0000000   0.9375000
 0.9375000   1.0000000
 0.6559998   0.5394271
 0.6712375   0.6088552
 0.7968786   0.3268675
 0.7951433   0.4227316
 1.0000000   0.8125000
 0.9221973   0.8437500
 0.9221973   0.7812500
 0.5183039   0.7221281
 0.5475429   0.6490144
 0.5890004   0.7055938
 0.3951712   0.5038103
 0.3534498   0.4174839
 0.6366585   0.7617554
 0.6658975   0.6886416
 0.3617228   0.7175882
 0.3061045   0.7972013
 0.3989567   0.6581442
 0.3897549   0.5886080
 0.4676446   0.5960126
 0.1102709   0.3543750
 0.0542459   0.3812500
 0.0560250   0.3131250
 0.8005945   0.9403362
 0.7675000   1.0000000
 0.6930945   0.9403362
 0.9114949   0.6980918
 0.8596973   0.9062500
 0.7188956   0.6650169
 0.7243950   0.0675343
 0.8015785   0.0913375
 0.6533607   0.4814619
 1.0000000   0.3125000
 0.9356646   0.3755815
 0.9356646   0.3130815
 0.7198723   0.8127378
 0.7852917   0.8465862
 0.4396125   0.7249928
 0.4810700   0.7815721
 0.6429752   0.8296900
 0.4030643   0.8468016
 0.4651036   0.8417353
 0.3525000   0.8995353
 0.3781250   0.9545832
 0.3268750   0.9449520
 0.5939143   0.9495169
 0.6270087   0.8898532
 0.3518143   0.8371704
 0.2555402   0.8499350
 0.2713872   0.5103898
 0.3264833   0.5659419
 0.2659709   0.5951875
 0.2065229   0.8850294
 0.2756250   0.9449520
 0.1808979   0.9400773
 0.0000000   0.5875000
 0.0000000   0.2862500
 0.0000000   0.1787500
 0.0000000   0.4225000
 0.0542459   0.4637500
 0.1596833   0.4810677
 0.1772470   0.3664487
 0.2284384   0.4250164
 0.2281250   0.1489583
 0.2573761   0.2104070
 0.2889509   0.3957708
 0.4375000   0.0000000
 0.9375000   0.0000000
 1.0000000   0.0625000
 0.8622431   0.2794190
 0.9265785   0.2163375
 0.8125000   0.0000000
 0.7215964   0.5272654
 0.7751201   0.4957858
 0.5625000   0.0000000
 0.6875000   0.0000000
 1.0000000   0.1875000
 0.8513061   0.4492172
 0.9356646   0.4380815
 0.9156415   0.5111357
 1.0000000   0.5625000
 1.0000000   0.6875000
 0.3012500   1.0000000
 1.0000000   0.4375000
 0.0558979   0.9400773
 0.0000000   0.9175000
 0.0558979   0.8575773
 0.4037500   1.0000000
 0.5437950   0.8388707
 0.5575000   1.0000000
 0.1183979   0.9400773
 0.1875000   1.0000000
 0.0625000   1.0000000
 0.1608131   0.8450603
 0.1301748   0.7773583
 0.2234375   0.0276042
 0.2281250   0.0552083
 0.1921875   0.0276042
 0.0371385   0.7123905
 0.0742769   0.7135309
 0.0371385   0.7536405
 0.4627616   0.4425182
 0.4419009   0.3993550
 0.4879410   0.4017233
 0.3218750   0.0916667
 0.3484375   0.0640625
 0.3484375   0.1005208
 0.8003745   0.5999673
 0.7756859   0.5847290
 0.8024478   0.5689892
 0.8009824   0.7124176
 0.8063336   0.7539967
 0.7736239   0.7370725
 0.3171875   0.0276042
 0.2906250   0.0552083
 0.2859375   0.0276042
 0.4603068   0.2060984
 0.4409223   0.1800996
 0.4874600   0.1883670
 0.4404247   0.3301930
 0.4598092   0.3041943
 0.4864649   0.3325613
 0.2501296   0.6965017
 0.2223204   0.7363083
 0.2070013   0.7024573
 0.1978886   0.2736362
 0.1644005   0.2675994
 0.1832630   0.2429119
 0.6702897   0.1816531
 0.6761992   0.2172790
 0.6358800   0.1926118
 0.8713889   0.5789316
 0.9135682   0.6046137
 0.8693156   0.6099096
 0.5630526   0.5365509
 0.5706715   0.5712650
 0.5307223   0.5447641
 0.4475821   0.9293417
 0.4786018   0.9268086
 0.4603946   0.9520501
 0.0312500   0.0625000
 0.0312500   0.0312500
 0.0625000   0.0312500
 0.1029000   0.2481250
 0.0748875   0.2346875
 0.1217625   0.2234375
 0.0781250   0.1093750
 0.1093750   0.0781250
 0.1250000   0.1250000
 0.1269956   0.5984397
 0.0898572   0.5560493
 0.1425758   0.5647081
 0.4993255   0.1259099
 0.4527877   0.1176425
 0.4840377   0.0811841
 0.3105011   0.2801129
 0.3427505   0.2389719
 0.3427505   0.2909695
 0.9007892   0.0769188
 0.9320392   0.1081688
 0.8953285   0.1225875
 0.6009726   0.2496688
 0.6412919   0.2743360
 0.6004751   0.2957671
 0.6115230   0.1232188
 0.6274853   0.0784930
 0.6459328   0.1122601
 0.6798758   0.3948673
 0.6399266   0.3683664
 0.6807434   0.3469353
 0.5411321   0.4366733
 0.5482829   0.4692551
 0.5159526   0.4774683
 0.7432912   0.1825961
 0.7818830   0.1944977
 0.7492007   0.2182220
 0.9687500   0.9687500
 0.9375000   0.9687500
 0.9687500   0.9375000
 0.6636186   0.5741412
 0.6371196   0.5859535
 0.6295008   0.5512394
 0.7960109   0.3747996
 0.7579179   0.3980839
 0.7587856   0.3501518
 0.9221973   0.8125000
 0.9610986   0.7968750
 0.9610986   0.8281250
 0.5682717   0.6773041
 0.5536522   0.7138609
 0.5329234   0.6855713
 0.3743105   0.4606471
 0.3850856   0.4288169
 0.4059463   0.4719801
 0.6274490   0.6971177
 0.6512780   0.7251985
 0.6128295   0.7336746
 0.3339137   0.7573948
 0.2857766   0.7637770
 0.3135858   0.7239705
 0.4286998   0.5923103
 0.4333006   0.6270784
 0.3943558   0.6233761
 0.0551355   0.3471875
 0.0831480   0.3337500
 0.0822584   0.3678125
 0.7302972   0.9701681
 0.7468445   0.9403362
 0.7840472   0.9701681
 0.8779447   0.7552959
 0.8725935   0.7137168
 0.9168461   0.7396709
 0.9298486   0.8906250
 0.8985986   0.9218750
 0.8909473   0.8750000
 0.6923966   0.6768292
 0.6685675   0.6487484
 0.6950665   0.6369361
 0.7629868   0.0794359
 0.7887760   0.1251047
 0.7501843   0.1132031
 0.6062607   0.4223793
 0.6462098   0.4488802
 0.6134115   0.4549610
 0.9356646   0.3443315
 0.9678323   0.3127907
 0.9678323   0.3440407
 0.7821334   0.8126189
 0.7525820   0.8296620
 0.7494237   0.7956947
 0.4996870   0.7518501
 0.4603413   0.7532825
 0.4789582   0.7235604
 0.6814237   0.8212139
 0.6398168   0.7957227
 0.6782654   0.7872466
 0.4340840   0.8442685
 0.4654464   0.8729178
 0.4344268   0.8754509
 0.8301459   0.9232931
 0.7929431   0.8934612
 0.8224945   0.8764181
 0.3525000   0.9497676
 0.3396875   0.9222437
 0.3653125   0.9270593
 0.6600516   0.9150947
 0.6435044   0.9449266
 0.6104615   0.9196851
 0.3803398   0.6878662
 0.4192846   0.6915685
 0.4006677   0.7212905
 0.5429420   0.6142463
 0.5075938   0.6225135
 0.5029929   0.5877454
 0.2808223   0.8235681
 0.3289594   0.8171859
 0.3036773   0.8435527
 0.2962271   0.5805647
 0.2686790   0.5527886
 0.2989352   0.5381659
 0.2282615   0.9425147
 0.1937104   0.9125534
 0.2410740   0.9149907
 0.0742769   0.6310309
 0.0371385   0.6298905
 0.0371385   0.5886405
 0.0280125   0.2728125
 0.0560250   0.2862500
 0.0280125   0.2996875
 0.0468750   0.1943750
 0.0468750   0.1675000
 0.0937500   0.1831250
 0.0542459   0.4225000
 0.0271230   0.4431250
 0.0271230   0.4018750
 0.2028427   0.3957325
 0.1940609   0.4530420
 0.1684651   0.4237582
 0.2370636   0.2296779
 0.2224380   0.1989535
 0.2427505   0.1796827
 0.2997260   0.3639406
 0.3319754   0.3747972
 0.3212003   0.4066274
 0.1781365   0.3323862
 0.1437589   0.3604119
 0.1446485   0.3263494
 0.1325603   0.5016927
 0.0798416   0.4930338
 0.1069646   0.4724088
 0.2839386   0.2192612
 0.2896255   0.1692660
 0.3161880   0.1781202
 0.1765625   0.0744792
 0.2125000   0.1020833
 0.1921875   0.1213542
 0.5330026   0.2888312
 0.5063470   0.2604642
 0.5335002   0.2427329
 0.4375000   0.0364583
 0.4062500   0.0729167
 0.4062500   0.0364583
 0.3943845   0.2758272
 0.3943845   0.2238297
 0.4137691   0.2498284
 0.9687500   0.0625000
 0.9375000   0.0312500
 0.9687500   0.0312500
 0.9311216   0.2647095
 0.8989539   0.2962502
 0.8944108   0.2478783
 0.8070392   0.0456688
 0.8382892   0.0456688
 0.8328285   0.0913375
 0.8295609   0.3031433
 0.7923355   0.2784956
 0.8250178   0.2547713
 0.7764397   0.5247684
 0.7496778   0.5405081
 0.7483583   0.5115256
 0.5777877   0.0447258
 0.5618255   0.0894516
 0.5465377   0.0447258
 0.6746975   0.0337672
 0.7059475   0.0337672
 0.6931450   0.0675343
 0.9632892   0.1706688
 0.9632892   0.2019188
 0.9265785   0.1850875
 0.7435841   0.6802551
 0.7462541   0.6403619
 0.7709427   0.6556002
 0.7851317   0.4592587
 0.8232247   0.4359744
 0.8132131   0.4725015
 0.9256531   0.4746086
 0.8834738   0.4801764
 0.8934854   0.4436493
 0.9578207   0.5680679
 0.9156415   0.5423857
 0.9578207   0.5368179
 0.9557474   0.6615459
 0.9557474   0.6927959
 0.9114949   0.6668418
 0.6546802   0.5104445
 0.6874785   0.5043636
 0.6887981   0.5333462
 0.3581191   0.5772750
 0.3608272   0.5348761
 0.3924631   0.5462092
 0.2586946   0.4103936
 0.2801690   0.4530803
 0.2499128   0.4677031
 0.2884375   0.9724760
 0.3012500   0.9449520
 0.3140625   0.9724760
 0.9678323   0.4065407
 0.9678323   0.4377907
 0.9356646   0.4068315
 0.0279490   0.8875387
 0.0558979   0.8988273
 0.0279490   0.9287887
 0.3909375   0.9772916
 0.4037500   0.9545832
 0.4165625   0.9772916
 0.3521572   0.8683529
 0.3774393   0.8419860
 0.3777822   0.8731685
 0.5044493   0.8403030
 0.4730868   0.8116537
 0.5124325   0.8102214
 0.6349919   0.8597716
 0.5854018   0.8643619
 0.5933851   0.8342803
 0.5757071   0.9747585
 0.5244571   0.9747585
 0.5426643   0.9495169
 0.1841990   0.9700387
 0.1529490   0.9700387
 0.1496479   0.9400773
 0.0591990   0.9700387
 0.0871479   0.9400773
 0.0904490   0.9700387
 0.2503907   0.6289191
 0.2072624   0.6348746
 0.2228426   0.6011430
 0.1546835   0.7598110
 0.1700026   0.7936621
 0.1454940   0.8112093
 0.1022259   0.7660696
 0.0930364   0.8174678
 0.0650874   0.8061791
 0.1836680   0.8650448
 0.2081766   0.8474976
 0.2310315   0.8674822
 0.2187500   0.0000000
 0.2546875   0.0276042
 0.2640625   0.0828125
 0.2328125   0.0828125
 0.1609375   0.0276042
 0.1562500   0.0000000
 0.0000000   0.7112500
 0.0371385   0.6711405
 0.1114154   0.6734214
 0.1114154   0.7146714
 0.0371385   0.7948905
 0.0000000   0.7937500
 0.4836223   0.4856815
 0.4375821   0.4833132
 0.3958607   0.3969868
 0.4210402   0.3561918
 0.5131205   0.3609283
 0.5339812   0.4040916
 0.2953125   0.1192708
 0.2953125   0.0828125
 0.3484375   0.0276042
 0.3750000   0.0364583
 0.3750000   0.1093750
 0.3484375   0.1369792
 0.8250631   0.6152055
 0.7983012   0.6309453
 0.7489241   0.6004688
 0.7509974   0.5694907
 0.8045211   0.5380112
 0.8292097   0.5532494
 0.7956312   0.6708385
 0.8283410   0.6877627
 0.8390433   0.7709209
 0.8116848   0.7955758
 0.7462653   0.7617274
 0.7409141   0.7201483
 0.3437500   0.0000000
 0.2812500   0.0000000
 0.4796913   0.2320971
 0.4331536   0.2238297
 0.3943845   0.1718321
 0.4215377   0.1541008
 0.5146132   0.1706357
 0.5339978   0.1966345
 0.3943845   0.3278248
 0.4331536   0.2758272
 0.4791938   0.2781955
 0.5325050   0.3349296
 0.2779387   0.6566952
 0.2932579   0.6905462
 0.2376395   0.7701593
 0.1945112   0.7761148
 0.1638730   0.7084128
 0.1916821   0.6686063
 0.2313766   0.2796731
 0.2125141   0.3043606
 0.1455380   0.2922869
 0.1309125   0.2615625
 0.1686375   0.2121875
 0.2021255   0.2182244
 0.6643803   0.1460273
 0.7046995   0.1706945
 0.7165184   0.2419462
 0.6821087   0.2529049
 0.6014702   0.2035704
 0.5955607   0.1679446
 0.8734622   0.5479536
 0.9578207   0.5993179
 0.9557474   0.6302959
 0.8672423   0.6408877
 0.5554338   0.5018368
 0.5953829   0.5283377
 0.6106206   0.5977659
 0.5782903   0.6059791
 0.4983920   0.5529773
 0.4907731   0.5182632
 0.4165625   0.9318749
 0.4347696   0.9066333
 0.4968089   0.9015670
 0.5096214   0.9242754
 0.4732071   0.9747585
 0.4421875   0.9772916
 0.0312500   0.0937500
 0.0000000   0.0937500
 0.0000000   0.0312500
 0.0312500   0.0000000
 0.0937500   0.0000000
 0.0937500   0.0312500
 0.0840375   0.2728125
 0.0280125   0.2459375
 0.0468750   0.2212500
 0.1406250   0.1987500
 0.0468750   0.1406250
 0.1406250   0.0468750
 0.1718750   0.1406250
 0.1406250   0.1718750
 0.1641341   0.6408302
 0.1114154   0.6321714
 0.0371385   0.5473905
 0.0527187   0.5136588
 0.1581561   0.5309765
 0.1952945   0.5733669
 0.5458632   0.1341774
 0.4062500   0.1093750
 0.4687500   0.0364583
 0.5152877   0.0447258
 0.2782516   0.3212539
 0.2782516   0.2692564
 0.3427505   0.1869744
 0.3750000   0.1978309
 0.3750000   0.3018260
 0.3427505   0.3429670
 0.8695392   0.0456688
 0.9062500   0.0312500
 0.9687500   0.0937500
 0.9632892   0.1394188
 0.8898677   0.1682563
 0.8586177   0.1370063
 0.5606534   0.2250016
 0.6816111   0.2990032
 0.5999775   0.3418655
 0.5596582   0.3171983
 0.5771132   0.1341774
 0.6090377   0.0447258
 0.6434475   0.0337672
 0.6803425   0.1013015
 0.7198249   0.4213682
 0.6790081   0.4427993
 0.5991098   0.3897975
 0.7215603   0.3255041
 0.5663115   0.3958784
 0.5806132   0.4610419
 0.7373818   0.1469702
 0.8145652   0.1707735
 0.8204747   0.2063993
 0.7551102   0.2538478
 1.0000000   0.9687500
 0.9687500   1.0000000
 0.9062500   1.0000000
 0.9062500   0.9687500
 0.9687500   0.9062500
 1.0000000   0.9062500
 0.6901177   0.5623288
 0.6977365   0.5970429
 0.6447385   0.6206676
 0.6218819   0.5165254
 0.8341039   0.3515152
 0.8332363   0.3994473
 0.7570503   0.4460159
 0.7596533   0.3022198
 0.8832959   0.8281250
 0.8832959   0.7968750
 0.9610986   0.7656250
 1.0000000   0.7812500
 1.0000000   0.8437500
 0.9610986   0.8593750
 0.5828912   0.6407472
 0.6036199   0.6690369
 0.5743809   0.7421506
 0.5390326   0.7504178
 0.4975751   0.6938384
 0.5121946   0.6572816
 0.3635354   0.4924773
 0.3426747   0.4493141
 0.3642249   0.3856537
 0.4268070   0.5151434
 0.6420685   0.6605608
 0.6897266   0.7167224
 0.6751071   0.7532793
 0.5982100   0.7702314
 0.3820507   0.7510125
 0.3542416   0.7908191
 0.2579674   0.8035836
 0.3413949   0.6841639
 0.4240989   0.5575422
 0.4630437   0.5612445
 0.4722455   0.6307807
 0.4379015   0.6618465
 0.3600119   0.6544419
 0.3554110   0.6196738
 0.0271230   0.3606250
 0.0280125   0.3265625
 0.0840375   0.2996875
 0.1111605   0.3203125
 0.1093814   0.3884375
 0.0813689   0.4018750
 0.7137500   1.0000000
 0.6765472   0.9701681
 0.7096417   0.9105043
 0.7633917   0.9105043
 0.8377972   0.9701681
 0.8212500   1.0000000
 0.8672423   0.6721377
 0.9557474   0.7240459
 0.8673486   0.9531250
 0.8520459   0.8593750
 0.7162256   0.7049100
 0.7215655   0.6251237
 0.7371975   0.0337672
 0.7757892   0.0456688
 0.8273677   0.1370063
 0.7115925   0.1013015
 0.6861590   0.4753811
 0.6205624   0.4875428
 0.9034970   0.3758722
 0.9034970   0.3446222
 0.9678323   0.2815407
 1.0000000   0.2812500
 1.0000000   0.3437500
 0.9678323   0.3752907
 0.8148431   0.8295431
 0.7557403   0.8636293
 0.7230306   0.8467051
 0.7167139   0.7787705
 0.5204157   0.7801398
 0.4417243   0.7830045
 0.4209956   0.7547148
 0.4582294   0.6952708
 0.6845820   0.8551812
 0.6013683   0.8041987
 0.4027215   0.8156192
 0.4337411   0.8130861
 0.4964661   0.8703846
 0.4034072   0.8779841
 0.3653125   0.9772916
 0.3396875   0.9724760
 0.3140625   0.9174281
 0.3268750   0.8947197
 0.3781250   0.9043509
 0.3909375   0.9318749
 0.6765988   0.8852628
 0.6269571   0.9747585
 0.5608714   0.9242754
 0.5774186   0.8944435
 0.2326853   0.8299504
 0.3770965   0.8108036
 0.3265322   0.8635373
 0.2783951   0.8699195
 0.3237752   0.6083408
 0.2935190   0.6229636
 0.2384228   0.5674114
 0.2411310   0.5250125
 0.3016434   0.4957670
 0.3291914   0.5235431
 0.2628125   0.9724760
 0.2154490   0.9700387
 0.1463469   0.9101160
 0.1591594   0.8825920
 0.2538865   0.8874667
 0.2884375   0.9174281
 0.0000000   0.6287500
 0.0000000   0.5462500
 0.0000000   0.2593750
 0.0000000   0.3131250
 0.0000000   0.2056250
 0.0000000   0.1518750
 0.0813689   0.4431250
 0.0271230   0.4843750
 0.0000000   0.4637500
 0.0000000   0.3812500
 0.2116246   0.3384231
 0.2372203   0.3677069
 0.2196566   0.4823258
 0.1852790   0.5103515
 0.1340875   0.4517838
 0.1428694   0.3944744
 0.2516891   0.2604022
 0.2078125   0.1682292
 0.2484375   0.1296875
 0.2630630   0.1604119
 0.2674765   0.3530841
 0.3104252   0.4384575
 0.4687500   0.0000000
 0.4062500   0.0000000
 1.0000000   0.0937500
 0.9062500   0.0000000
 0.9687500   0.0000000
 1.0000000   0.0312500
 0.9632892   0.2331688
 0.8667862   0.3277910
 0.8577000   0.2310471
 0.8898677   0.1995063
 0.7812500   0.0000000
 0.8437500   0.0000000
 0.8032016   0.5090286
 0.7229160   0.5562479
 0.7202768   0.4982828
 0.7470387   0.4825430
 0.5937500   0.0000000
 0.5312500   0.0000000
 0.6562500   0.0000000
 0.7187500   0.0000000
 1.0000000   0.1562500
 1.0000000   0.2187500
 0.8613177   0.4126901
 0.8412945   0.4857443
 0.9678323   0.4690407
 0.9578207   0.5055679
 0.8734622   0.5167036
 0.9034970   0.4071222
 1.0000000   0.5937500
 1.0000000   0.5312500
 1.0000000   0.6562500
 1.0000000   0.7187500
 0.2756250   1.0000000
 0.3268750   1.0000000
 1.0000000   0.4062500
 1.0000000   0.4687500
 0.0000000   0.8762500
 0.0279490   0.8462887
 0.0838469   0.8688660
 0.0838469   0.9101160
 0.0279490   0.9700387
 0.0000000   0.9587500
 0.3781250   1.0000000
 0.4293750   1.0000000
 0.5358117   0.8689523
 0.5517782   0.8087891
 0.6087500   1.0000000
 0.5062500   1.0000000
 0.2187500   1.0000000
 0.1562500   1.0000000
 0.1216990   0.9700387
 0.1150969   0.9101160
 0.0312500   1.0000000
 0.0937500   1.0000000
 0.1393643   0.7259600
 0.1853217   0.8275131
 0.1363044   0.8626075
 0.1209853   0.8287565
