  232    233    234
  235    236    237
  238    239    240
  241    242    243
  244    245    246
  247    248    249
  250    251    252
  253    254    255
  256    257    258
  259    260    261
  262    263    264
  265    266    267
  268    269    270
  271    272    273
  274    275    276
  277    278    279
  280    281    282
  283    284    285
  286    287    288
  289    290    291
  292    293    294
  295    296    297
  298    299    300
  301    302    303
  304    305    306
  307    308    309
  310    311    312
  313    314    315
  316    317    318
  319    320    321
  322    323    324
  325    326    327
  328    329    330
  331    332    333
  334    335    336
  337    338    339
  340    341    342
  343    344    345
  346    347    348
  349    350    351
  352    353    354
  355    356    357
  358    359    360
  361    362    363
  364    365    366
  367    368    369
  370    371    372
  373    374    375
  376    377    378
  379    380    381
  382    383    384
  385    386    387
  388    389    390
  391    392    393
  394    395    396
  397    398    399
  400    401    402
  403    404    405
  406    407    408
  409    410    411
  412    413    414
  415    416    417
  418    419    420
  421    422    423
  424    425    426
  427    428    429
  430    431    432
  433    434    435
  436    437    438
  439    440    441
  442    443    444
  445    446    447
  448    449    450
  451    452    453
  454    455    456
  457    458    459
  460    461    462
  463    464    465
  466    467    468
  469    470    471
  472    473    474
  475    476    477
  478    479    480
  481    482    483
  484    485    486
  487    488    489
  490    491    492
  493    494    495
  496    497    498
  499    500    501
  502    503    504
  505    506    507
  508    509    510
  511    512    513
  514    515    516
  517    518    519
  520    521    522
  523    524    525
  526    527    528
  529    530    531
  232    532    533
  233    534    535
  234    536    537
  235    538    539
  236    540    541
  237    542    543
  238    544    545
  239    546    547
  240    548    549
  241    550    551
  242    552    553
  243    554    555
  244    556    557
  245    558    559
  246    560    561
  247    562    563
  248    564    565
  249    566    567
  250    568    552
  251    551    534
  252    533    569
  253    570    571
  254    572    573
  255    574    575
  256    547    576
  257    577    578
  258    579    548
  259    580    581
  260    582    583
  261    584    585
  262    586    587
  263    588    589
  264    590    591
  265    592    593
  266    594    595
  267    596    597
  268    561    598
  269    599    600
  270    601    556
  271    602    603
  272    604    605
  273    606    607
  274    608    609
  275    610    611
  276    612    613
  277    614    615
  278    616    617
  279    618    619
  280    589    620
  281    621    622
  282    623    590
  283    624    614
  284    619    625
  285    626    627
  286    628    629
  287    630    631
  288    632    633
  289    634    574
  290    573    635
  291    636    637
  292    638    639
  293    640    641
  294    642    643
  295    644    645
  296    646    647
  297    648    649
  298    650    596
  299    595    651
  300    652    653
  301    597    654
  302    655    656
  303    657    592
  304    658    659
  305    660    652
  306    651    661
  307    549    662
  308    663    602
  309    607    544
  310    593    664
  311    665    666
  312    667    594
  313    668    669
  314    670    671
  315    672    673
  316    674    675
  317    676    604
  318    603    677
  319    678    679
  320    680    658
  321    661    681
  322    682    683
  323    684    685
  324    686    687
  325    688    689
  326    690    691
  327    692    693
  328    694    695
  329    696    546
  330    545    697
  331    689    698
  332    699    700
  333    701    690
  334    702    703
  335    704    582
  336    581    705
  337    706    707
  338    708    709
  339    710    711
  340    712    713
  341    714    715
  342    716    717
  343    718    719
  344    720    721
  345    722    723
  346    683    564
  347    563    724
  348    725    684
  349    687    672
  350    671    726
  351    727    682
  352    728    699
  353    698    676
  354    675    729
  355    730    731
  356    732    665
  357    664    733
  358    662    660
  359    659    734
  360    735    663
  361    736    737
  362    738    739
  363    740    741
  364    565    742
  365    743    744
  366    745    566
  367    691    746
  368    747    748
  369    749    692
  370    744    750
  371    751    701
  372    700    745
  373    752    753
  374    754    610
  375    609    755
  376    726    722
  377    721    743
  378    742    727
  379    756    757
  380    758    759
  381    760    761
  382    762    720
  383    719    763
  384    764    765
  385    705    710
  386    709    749
  387    748    702
  388    605    688
  389    693    708
  390    707    606
  391    766    704
  392    703    767
  393    768    769
  394    770    771
  395    772    773
  396    774    775
  397    776    777
  398    778    779
  399    780    781
  400    629    540
  401    539    782
  402    783    630
  403    784    621
  404    620    714
  405    713    785
  406    622    786
  407    787    624
  408    627    623
  409    717    788
  410    789    790
  411    791    712
  412    792    793
  413    794    795
  414    796    797
  415    798    586
  416    591    799
  417    800    801
  418    802    638
  419    643    696
  420    695    803
  421    587    792
  422    797    716
  423    715    588
  424    795    632
  425    631    789
  426    788    796
  427    639    798
  428    801    550
  429    555    640
  430    625    536
  431    535    800
  432    799    626
  433    653    579
  434    578    570
  435    575    650
  436    804    636
  437    635    554
  438    553    805
  439    576    642
  440    641    572
  441    571    577
  442    806    646
  443    645    807
  444    808    809
  445    810    738
  446    737    811
  447    812    813
  448    731    814
  449    815    644
  450    649    732
  451    811    678
  452    681    667
  453    666    812
  454    816    560
  455    559    817
  456    818    819
  457    820    655
  458    654    634
  459    637    821
  460    656    822
  461    823    730
  462    733    657
  463    647    824
  464    825    810
  465    813    648
  466    567    728
  467    729    558
  468    557    562
  469    819    680
  470    679    826
  471    827    816
  472    828    829
  473    830    827
  474    826    831
  475    832    599
  476    598    830
  477    829    833
  478    600    834
  479    835    725
  480    724    601
  481    677    735
  482    734    818
  483    817    674
  484    711    770
  485    775    694
  486    697    706
  487    793    802
  488    803    774
  489    773    794
  490    836    776
  491    781    758
  492    757    837
  493    741    838
  494    839    828
  495    831    736
  496    840    841
  497    842    843
  498    844    845
  499    846    756
  500    761    608
  501    613    847
  502    759    768
  503    767    752
  504    755    760
  505    848    754
  506    753    747
  507    746    849
  508    750    762
  509    765    848
  510    849    751
  511    763    850
  512    851    612
  513    611    764
  514    777    852
  515    853    854
  516    855    778
  517    856    844
  518    843    855
  519    854    857
  520    771    580
  521    585    628
  522    633    772
  523    858    584
  524    583    859
  525    860    861
  526    541    858
  527    861    842
  528    841    542
  529    779    860
  530    859    766
  531    769    780
   67    234    233
   68    232    234
   69    233    232
   70    237    236
   71    235    237
   72    236    235
   73    240    239
   74    238    240
   75    239    238
   76    243    242
   77    241    243
   78    242    241
   79    246    245
   80    244    246
   81    245    244
   82    249    248
   83    247    249
   84    248    247
   69    252    251
   85    250    252
   78    251    250
   86    255    254
   87    253    255
   88    254    253
   89    258    257
   73    256    258
   90    257    256
   91    261    260
   92    259    261
   93    260    259
   94    264    263
   95    262    264
   96    263    262
   97    267    266
   98    265    267
   99    266    265
  100    270    269
   80    268    270
  101    269    268
  102    273    272
  103    271    273
  104    272    271
  105    276    275
  106    274    276
  107    275    274
  108    279    278
  109    277    279
  110    278    277
  111    282    281
   94    280    282
  112    281    280
  113    285    284
  114    283    285
  109    284    283
  115    288    287
  116    286    288
  117    287    286
  118    291    290
  119    289    291
   86    290    289
  120    294    293
  121    292    294
  122    293    292
  123    297    296
  124    295    297
  125    296    295
  126    300    299
  127    298    300
   97    299    298
  128    303    302
   98    301    303
  129    302    301
  126    306    305
  130    304    306
  131    305    304
  103    309    308
   74    307    309
  132    308    307
  133    312    311
   99    310    312
  134    311    310
  135    315    314
  136    313    315
  137    314    313
  104    318    317
  138    316    318
  139    317    316
  130    321    320
  140    319    321
  141    320    319
  142    324    323
  143    322    324
  144    323    322
  145    327    326
  146    325    327
  147    326    325
   75    330    329
  148    328    330
  149    329    328
  150    333    332
  147    331    333
  151    332    331
   93    336    335
  152    334    336
  153    335    334
  154    339    338
  155    337    339
  156    338    337
  157    342    341
  158    340    342
  159    341    340
  160    345    344
  161    343    345
  162    344    343
  163    348    347
  144    346    348
   84    347    346
  164    351    350
  143    349    351
  135    350    349
  139    354    353
  165    352    354
  151    353    352
  134    357    356
  166    355    357
  167    356    355
  168    360    359
  132    358    360
  131    359    358
  169    363    362
  170    361    363
  171    362    361
  172    366    365
   82    364    366
  173    365    364
  174    369    368
  145    367    369
  175    368    367
  150    372    371
  172    370    372
  176    371    370
  107    375    374
  177    373    375
  178    374    373
  173    378    377
  164    376    378
  160    377    376
  179    381    380
  180    379    381
  181    380    379
  182    384    383
  183    382    384
  162    383    382
  174    387    386
  152    385    387
  154    386    385
  156    390    389
  102    388    390
  146    389    388
  184    393    392
  185    391    393
  153    392    391
  186    396    395
  187    394    396
  188    395    394
  189    399    398
  190    397    399
  191    398    397
  192    402    401
  117    400    402
   72    401    400
  159    405    404
  193    403    405
  112    404    403
  114    408    407
  111    406    408
  194    407    406
  195    411    410
  158    409    411
  196    410    409
  197    414    413
  198    412    414
  199    413    412
  200    417    416
  201    415    417
   95    416    415
  149    420    419
  202    418    420
  121    419    418
  157    423    422
   96    421    423
  198    422    421
  196    426    425
  197    424    426
  115    425    424
   77    429    428
  122    427    429
  201    428    427
  200    432    431
  113    430    432
   67    431    430
   87    435    434
  127    433    435
   89    434    433
   76    438    437
  203    436    438
  118    437    436
   88    441    440
   90    439    441
  120    440    439
  204    444    443
  205    442    444
  125    443    442
  206    447    446
  207    445    447
  171    446    445
  124    450    449
  167    448    450
  208    449    448
  133    453    452
  206    451    453
  140    452    451
  209    456    455
  210    454    456
   79    455    454
  119    459    458
  211    457    459
  129    458    457
  166    462    461
  128    460    462
  212    461    460
  207    465    464
  123    463    465
  213    464    463
   81    468    467
   83    466    468
  165    467    466
  214    471    470
  210    469    471
  141    470    469
  214    474    473
  215    472    474
  216    473    472
  216    477    476
  217    475    477
  101    476    475
  163    480    479
  100    478    480
  218    479    478
  209    483    482
  138    481    483
  168    482    481
  148    486    485
  155    484    486
  187    485    484
  186    489    488
  199    487    489
  202    488    487
  181    492    491
  219    490    492
  190    491    490
  215    495    494
  170    493    495
  220    494    493
  221    498    497
  222    496    498
  223    497    496
  106    501    500
  224    499    501
  180    500    499
  177    504    503
  179    502    504
  184    503    502
  175    507    506
  225    505    507
  178    506    505
  225    510    509
  176    508    510
  183    509    508
  105    513    512
  182    511    513
  226    512    511
  227    516    515
  191    514    516
  228    515    514
  227    519    518
  229    517    519
  221    518    517
  116    522    521
  188    520    522
   92    521    520
  230    525    524
  231    523    525
   91    524    523
  223    528    527
   70    526    528
  231    527    526
  185    531    530
  189    529    531
  230    530    529
    9    533    532
   69    232    533
   68    532    232
   45    535    534
   67    233    535
   69    534    233
   16    537    536
   68    234    537
   67    536    234
   11    539    538
   72    235    539
   71    538    235
   65    541    540
   70    236    541
   72    540    236
   64    543    542
   71    237    543
   70    542    237
   25    545    544
   75    238    545
   74    544    238
   10    547    546
   73    239    547
   75    546    239
   21    549    548
   74    240    549
   73    548    240
   45    551    550
   78    241    551
   77    550    241
   46    553    552
   76    242    553
   78    552    242
   18    555    554
   77    243    555
   76    554    243
   24    557    556
   81    244    557
   80    556    244
   53    559    558
   79    245    559
   81    558    245
   54    561    560
   80    246    561
   79    560    246
   24    563    562
   84    247    563
   83    562    247
   30    565    564
   82    248    565
   84    564    248
   33    567    566
   83    249    567
   82    566    249
   46    552    568
   78    250    552
   85    568    250
   45    534    551
   69    251    534
   78    551    251
    9    569    533
   85    252    569
   69    533    252
   47    571    570
   88    253    571
   87    570    253
   18    573    572
   86    254    573
   88    572    254
   19    575    574
   87    255    575
   86    574    255
   10    576    547
   90    256    576
   73    547    256
   47    578    577
   89    257    578
   90    577    257
   21    548    579
   73    258    548
   89    579    258
   38    581    580
   93    259    581
   92    580    259
   39    583    582
   91    260    583
   93    582    260
   65    585    584
   92    261    585
   91    584    261
   43    587    586
   96    262    587
   95    586    262
   41    589    588
   94    263    589
   96    588    263
   17    591    590
   95    264    591
   94    590    264
   48    593    592
   99    265    593
   98    592    265
   13    595    594
   97    266    595
   99    594    266
   19    597    596
   98    267    597
   97    596    267
   54    598    561
  101    268    598
   80    561    268
   55    600    599
  100    269    600
  101    599    269
   24    556    601
   80    270    556
  100    601    270
   56    603    602
  104    271    603
  103    602    271
   14    605    604
  102    272    605
  104    604    272
   25    607    606
  103    273    607
  102    606    273
   61    609    608
  107    274    609
  106    608    274
   62    611    610
  105    275    611
  107    610    275
   35    613    612
  106    276    613
  105    612    276
   15    615    614
  110    277    615
  109    614    277
    1    617    616
  108    278    617
  110    616    278
   16    619    618
  109    279    619
  108    618    279
   41    620    589
  112    280    620
   94    589    280
   40    622    621
  111    281    622
  112    621    281
   17    590    623
   94    282    590
  111    623    282
   15    614    624
  109    283    614
  114    624    283
   16    625    619
  113    284    625
  109    619    284
   17    627    626
  114    285    627
  113    626    285
   65    629    628
  117    286    629
  116    628    286
   42    631    630
  115    287    631
  117    630    287
   27    633    632
  116    288    633
  115    632    288
   19    574    634
   86    289    574
  119    634    289
   18    635    573
  118    290    635
   86    573    290
    7    637    636
  119    291    637
  118    636    291
   43    639    638
  122    292    639
  121    638    292
   18    641    640
  120    293    641
  122    640    293
   10    643    642
  121    294    643
  120    642    294
   49    645    644
  125    295    645
  124    644    295
   52    647    646
  123    296    647
  125    646    296
   50    649    648
  124    297    649
  123    648    297
   19    596    650
   97    298    596
  127    650    298
   13    651    595
  126    299    651
   97    595    299
   21    653    652
  127    300    653
  126    652    300
   19    654    597
  129    301    654
   98    597    301
   51    656    655
  128    302    656
  129    655    302
   48    592    657
   98    303    592
  128    657    303
   22    659    658
  131    304    659
  130    658    304
   21    652    660
  126    305    652
  131    660    305
   13    661    651
  130    306    661
  126    651    306
   21    662    549
  132    307    662
   74    549    307
   56    602    663
  103    308    602
  132    663    308
   25    544    607
   74    309    544
  103    607    309
   48    664    593
  134    310    664
   99    593    310
   50    666    665
  133    311    666
  134    665    311
   13    594    667
   99    312    594
  133    667    312
    3    669    668
  137    313    669
  136    668    313
   28    671    670
  135    314    671
  137    670    314
   29    673    672
  136    315    673
  135    672    315
   53    675    674
  139    316    675
  138    674    316
   14    604    676
  104    317    604
  139    676    317
   56    677    603
  138    318    677
  104    603    318
   32    679    678
  141    319    679
  140    678    319
   22    658    680
  130    320    658
  141    680    320
   13    681    661
  140    321    681
  130    661    321
   30    683    682
  144    322    683
  143    682    322
   23    685    684
  142    323    685
  144    684    323
   29    687    686
  143    324    687
  142    686    324
   14    689    688
  147    325    689
  146    688    325
   34    691    690
  145    326    691
  147    690    326
   37    693    692
  146    327    693
  145    692    327
   57    695    694
  149    328    695
  148    694    328
   10    546    696
   75    329    546
  149    696    329
   25    697    545
  148    330    697
   75    545    330
   14    698    689
  151    331    698
  147    689    331
   33    700    699
  150    332    700
  151    699    332
   34    690    701
  147    333    690
  150    701    333
   26    703    702
  153    334    703
  152    702    334
   39    582    704
   93    335    582
  153    704    335
   38    705    581
  152    336    705
   93    581    336
   25    707    706
  156    337    707
  155    706    337
   37    709    708
  154    338    709
  156    708    338
   38    711    710
  155    339    711
  154    710    339
    5    713    712
  159    340    713
  158    712    340
   41    715    714
  157    341    715
  159    714    341
   44    717    716
  158    342    717
  157    716    342
    6    719    718
  162    343    719
  161    718    343
   36    721    720
  160    344    721
  162    720    344
   28    723    722
  161    345    723
  160    722    345
   30    564    683
   84    346    564
  144    683    346
   24    724    563
  163    347    724
   84    563    347
   23    684    725
  144    348    684
  163    725    348
   29    672    687
  135    349    672
  143    687    349
   28    726    671
  164    350    726
  135    671    350
   30    682    727
  143    351    682
  164    727    351
   33    699    728
  151    352    699
  165    728    352
   14    676    698
  139    353    676
  151    698    353
   53    729    675
  165    354    729
  139    675    354
   20    731    730
  167    355    731
  166    730    355
   50    665    732
  134    356    665
  167    732    356
   48    733    664
  166    357    733
  134    664    357
   21    660    662
  131    358    660
  132    662    358
   22    734    659
  168    359    734
  131    659    359
   56    663    735
  132    360    663
  168    735    360
   32    737    736
  171    361    737
  170    736    361
   31    739    738
  169    362    739
  171    738    362
   58    741    740
  170    363    741
  169    740    363
   30    742    565
  173    364    742
   82    565    364
   36    744    743
  172    365    744
  173    743    365
   33    566    745
   82    366    566
  172    745    366
   34    746    691
  175    367    746
  145    691    367
   26    748    747
  174    368    748
  175    747    368
   37    692    749
  145    369    692
  174    749    369
   36    750    744
  176    370    750
  172    744    370
   34    701    751
  150    371    701
  176    751    371
   33    745    700
  172    372    745
  150    700    372
   26    753    752
  178    373    753
  177    752    373
   62    610    754
  107    374    610
  178    754    374
   61    755    609
  177    375    755
  107    609    375
   28    722    726
  160    376    722
  164    726    376
   36    743    721
  173    377    743
  160    721    377
   30    727    742
  164    378    727
  173    742    378
   59    757    756
  181    379    757
  180    756    379
   60    759    758
  179    380    759
  181    758    380
   61    761    760
  180    381    761
  179    760    381
   36    720    762
  162    382    720
  183    762    382
    6    763    719
  182    383    763
  162    719    383
   62    765    764
  183    384    765
  182    764    384
   38    710    705
  154    385    710
  152    705    385
   37    749    709
  174    386    749
  154    709    386
   26    702    748
  152    387    702
  174    748    387
   14    688    605
  146    388    688
  102    605    388
   37    708    693
  156    389    708
  146    693    389
   25    606    707
  102    390    606
  156    707    390
   39    704    766
  153    391    704
  185    766    391
   26    767    703
  184    392    767
  153    703    392
   60    769    768
  185    393    769
  184    768    393
   38    771    770
  188    394    771
  187    770    394
   27    773    772
  186    395    773
  188    772    395
   57    775    774
  187    396    775
  186    774    396
   12    777    776
  191    397    777
  190    776    397
   66    779    778
  189    398    779
  191    778    398
   60    781    780
  190    399    781
  189    780    399
   65    540    629
   72    400    540
  117    629    400
   11    782    539
  192    401    782
   72    539    401
   42    630    783
  117    402    630
  192    783    402
   40    621    784
  112    403    621
  193    784    403
   41    714    620
  159    404    714
  112    620    404
    5    785    713
  193    405    785
  159    713    405
   40    786    622
  194    406    786
  111    622    406
   15    624    787
  114    407    624
  194    787    407
   17    623    627
  111    408    623
  114    627    408
   44    788    717
  196    409    788
  158    717    409
   42    790    789
  195    410    790
  196    789    410
    5    712    791
  158    411    712
  195    791    411
   43    793    792
  199    412    793
  198    792    412
   27    795    794
  197    413    795
  199    794    413
   44    797    796
  198    414    797
  197    796    414
   43    586    798
   95    415    586
  201    798    415
   17    799    591
  200    416    799
   95    591    416
   45    801    800
  201    417    801
  200    800    417
   43    638    802
  121    418    638
  202    802    418
   10    696    643
  149    419    696
  121    643    419
   57    803    695
  202    420    803
  149    695    420
   43    792    587
  198    421    792
   96    587    421
   44    716    797
  157    422    716
  198    797    422
   41    588    715
   96    423    588
  157    715    423
   27    632    795
  115    424    632
  197    795    424
   42    789    631
  196    425    789
  115    631    425
   44    796    788
  197    426    796
  196    788    426
   43    798    639
  201    427    798
  122    639    427
   45    550    801
   77    428    550
  201    801    428
   18    640    555
  122    429    640
   77    555    429
   16    536    625
   67    430    536
  113    625    430
   45    800    535
  200    431    800
   67    535    431
   17    626    799
  113    432    626
  200    799    432
   21    579    653
   89    433    579
  127    653    433
   47    570    578
   87    434    570
   89    578    434
   19    650    575
  127    435    650
   87    575    435
    7    636    804
  118    436    636
  203    804    436
   18    554    635
   76    437    554
  118    635    437
   46    805    553
  203    438    805
   76    553    438
   10    642    576
  120    439    642
   90    576    439
   18    572    641
   88    440    572
  120    641    440
   47    577    571
   90    441    577
   88    571    441
   52    646    806
  125    442    646
  205    806    442
   49    807    645
  204    443    807
  125    645    443
    2    809    808
  205    444    809
  204    808    444
   31    738    810
  171    445    738
  207    810    445
   32    811    737
  206    446    811
  171    737    446
   50    813    812
  207    447    813
  206    812    447
   20    814    731
  208    448    814
  167    731    448
   49    644    815
  124    449    644
  208    815    449
   50    732    649
  167    450    732
  124    649    450
   32    678    811
  140    451    678
  206    811    451
   13    667    681
  133    452    667
  140    681    452
   50    812    666
  206    453    812
  133    666    453
   54    560    816
   79    454    560
  210    816    454
   53    817    559
  209    455    817
   79    559    455
   22    819    818
  210    456    819
  209    818    456
   51    655    820
  129    457    655
  211    820    457
   19    634    654
  119    458    634
  129    654    458
    7    821    637
  211    459    821
  119    637    459
   51    822    656
  212    460    822
  128    656    460
   20    730    823
  166    461    730
  212    823    461
   48    657    733
  128    462    657
  166    733    462
   52    824    647
  213    463    824
  123    647    463
   31    810    825
  207    464    810
  213    825    464
   50    648    813
  123    465    648
  207    813    465
   33    728    567
  165    466    728
   83    567    466
   53    558    729
   81    467    558
  165    729    467
   24    562    557
   83    468    562
   81    557    468
   22    680    819
  141    469    680
  210    819    469
   32    826    679
  214    470    826
  141    679    470
   54    816    827
  210    471    816
  214    827    471
    8    829    828
  216    472    829
  215    828    472
   54    827    830
  214    473    827
  216    830    473
   32    831    826
  215    474    831
  214    826    474
   55    599    832
  101    475    599
  217    832    475
   54    830    598
  216    476    830
  101    598    476
    8    833    829
  217    477    833
  216    829    477
   55    834    600
  218    478    834
  100    600    478
   23    725    835
  163    479    725
  218    835    479
   24    601    724
  100    480    601
  163    724    480
   56    735    677
  168    481    735
  138    677    481
   22    818    734
  209    482    818
  168    734    482
   53    674    817
  138    483    674
  209    817    483
   38    770    711
  187    484    770
  155    711    484
   57    694    775
  148    485    694
  187    775    485
   25    706    697
  155    486    706
  148    697    486
   43    802    793
  202    487    802
  199    793    487
   57    774    803
  186    488    774
  202    803    488
   27    794    773
  199    489    794
  186    773    489
   12    776    836
  190    490    776
  219    836    490
   60    758    781
  181    491    758
  190    781    491
   59    837    757
  219    492    837
  181    757    492
   58    838    741
  220    493    838
  170    741    493
    8    828    839
  215    494    828
  220    839    494
   32    736    831
  170    495    736
  215    831    495
   64    841    840
  223    496    841
  222    840    496
   66    843    842
  221    497    843
  223    842    497
    4    845    844
  222    498    845
  221    844    498
   59    756    846
  180    499    756
  224    846    499
   61    608    761
  106    500    608
  180    761    500
   35    847    613
  224    501    847
  106    613    501
   60    768    759
  184    502    768
  179    759    502
   26    752    767
  177    503    752
  184    767    503
   61    760    755
  179    504    760
  177    755    504
   62    754    848
  178    505    754
  225    848    505
   26    747    753
  175    506    747
  178    753    506
   34    849    746
  225    507    849
  175    746    507
   36    762    750
  183    508    762
  176    750    508
   62    848    765
  225    509    848
  183    765    509
   34    751    849
  176    510    751
  225    849    510
    6    850    763
  226    511    850
  182    763    511
   35    612    851
  105    512    612
  226    851    512
   62    764    611
  182    513    764
  105    611    513
   12    852    777
  228    514    852
  191    777    514
   63    854    853
  227    515    854
  228    853    515
   66    778    855
  191    516    778
  227    855    516
    4    844    856
  221    517    844
  229    856    517
   66    855    843
  227    518    855
  221    843    518
   63    857    854
  229    519    857
  227    854    519
   38    580    771
   92    520    580
  188    771    520
   65    628    585
  116    521    628
   92    585    521
   27    772    633
  188    522    772
  116    633    522
   65    584    858
   91    523    584
  231    858    523
   39    859    583
  230    524    859
   91    583    524
   66    861    860
  231    525    861
  230    860    525
   65    858    541
  231    526    858
   70    541    526
   66    842    861
  223    527    842
  231    861    527
   64    542    841
   70    528    542
  223    841    528
   66    860    779
  230    529    860
  189    779    529
   39    766    859
  185    530    766
  230    859    530
   60    780    769
  189    531    780
  185    769    531
