 0.0000000   0.0000000
 1.0000000   0.0000000
 1.0000000   1.0000000
 0.0000000   1.0000000
 0.0000000   0.3400000
 0.6600000   1.0000000
 0.5000000   0.0000000
 1.0000000   0.5000000
 0.2500000   0.0000000
 0.3750000   0.3538235
 0.0000000   0.6700000
 0.2500000   1.0000000
 0.7224279   0.2775721
 0.6182395   0.6324800
 0.0000000   0.1250000
 0.1250000   0.0000000
 0.1875000   0.1875000
 0.3750000   0.1458333
 0.5611510   0.1789032
 0.7500000   0.0000000
 0.5591607   0.3632966
 0.7189573   0.4693002
 1.0000000   0.7500000
 0.8229898   0.6461836
 0.4584428   0.5264764
 0.4023787   0.7844368
 0.2108748   0.5396353
 0.8750000   1.0000000
 1.0000000   0.8750000
 0.8443945   0.8125000
 1.0000000   0.2500000
 0.8713293   0.3761629
 0.7135556   0.7448032
 0.5597614   0.7787075
 0.4550000   1.0000000
 0.7261889   0.8806724
 0.4768464   0.6655488
 0.3210670   0.6507396
 0.2098303   0.8099658
 0.0000000   0.2325000
 0.1120500   0.2862500
 0.0000000   0.5050000
 0.2460021   0.3103974
 0.1084918   0.4225000
 0.2687500   0.1104167
 0.3750000   0.0000000
 0.4525381   0.2498284
 0.6987900   0.1350686
 0.8750000   0.0000000
 0.8531570   0.1826751
 0.6250000   0.0000000
 1.0000000   0.1250000
 0.7242355   0.5852305
 0.8312830   0.5222714
 1.0000000   0.6250000
 0.5877641   0.4936236
 0.3318996   0.4811442
 1.0000000   0.3750000
 0.3525000   1.0000000
 0.3012500   0.8899041
 0.4037500   0.9091665
 0.5278285   0.8990339
 0.1250000   1.0000000
 0.0000000   0.8350000
 0.1485539   0.6745618
 0.1117958   0.8801547
 0.1968750   0.0552083
 0.1875000   0.0000000
 0.2593750   0.0552083
 0.0742769   0.7547809
 0.0000000   0.7525000
 0.0742769   0.6722809
 0.4670803   0.3585601
 0.5088018   0.4448865
 0.4167214   0.4401500
 0.3750000   0.0729167
 0.3218750   0.1281250
 0.3218750   0.0552083
 0.7777592   0.5537509
 0.8271364   0.5842275
 0.7736126   0.6157070
 0.7789751   0.7786516
 0.7682727   0.6954934
 0.8336921   0.7293418
 0.3125000   0.0000000
 0.4680755   0.1623683
 0.5068445   0.2143658
 0.4137691   0.1978309
 0.5058494   0.3065625
 0.4137691   0.3018260
 0.1791921   0.7422638
 0.2348104   0.6626507
 0.2654487   0.7303527
 0.1497750   0.2368750
 0.2167511   0.2489487
 0.1790261   0.2983237
 0.6417894   0.2282376
 0.6299705   0.1569859
 0.7106090   0.2063203
 0.9114949   0.6355918
 0.9156415   0.5736357
 0.5383412   0.5794782
 0.5231035   0.5100500
 0.6030018   0.5630518
 0.4914143   0.9495169
 0.4293750   0.9545832
 0.4657893   0.9041002
 0.0625000   0.0000000
 0.0625000   0.0625000
 0.0000000   0.0625000
 0.0937500   0.2100000
 0.0560250   0.2593750
 0.1562500   0.0937500
 0.0937500   0.1562500
 0.1054374   0.5223177
 0.1797143   0.6070986
 0.0742769   0.5897809
 0.4375000   0.0729167
 0.5305755   0.0894516
 0.3750000   0.2498284
 0.3105011   0.3321105
 0.3105011   0.2281154
 0.9265785   0.1538375
 0.8640785   0.0913375
 0.9375000   0.0625000
 0.6407943   0.3204344
 0.5601558   0.2710999
 0.6618950   0.0675343
 0.5930755   0.0894516
 0.7206926   0.3734362
 0.6390590   0.4162984
 0.5734624   0.4284601
 0.7877924   0.2301236
 0.7759735   0.1588719
 0.9375000   0.9375000
 1.0000000   0.9375000
 0.9375000   1.0000000
 0.6559998   0.5394271
 0.6712375   0.6088552
 0.7968786   0.3268675
 0.7951433   0.4227316
 1.0000000   0.8125000
 0.9221973   0.8437500
 0.9221973   0.7812500
 0.5183039   0.7221281
 0.5475429   0.6490144
 0.5890004   0.7055938
 0.3951712   0.5038103
 0.3534498   0.4174839
 0.6366585   0.7617554
 0.6658975   0.6886416
 0.3617228   0.7175882
 0.3061045   0.7972013
 0.3989567   0.6581442
 0.3897549   0.5886080
 0.4676446   0.5960126
 0.1102709   0.3543750
 0.0542459   0.3812500
 0.0560250   0.3131250
 0.8005945   0.9403362
 0.7675000   1.0000000
 0.6930945   0.9403362
 0.9114949   0.6980918
 0.8596973   0.9062500
 0.7188956   0.6650169
 0.7243950   0.0675343
 0.8015785   0.0913375
 0.6533607   0.4814619
 1.0000000   0.3125000
 0.9356646   0.3755815
 0.9356646   0.3130815
 0.7198723   0.8127378
 0.7852917   0.8465862
 0.4396125   0.7249928
 0.4810700   0.7815721
 0.6429752   0.8296900
 0.4030643   0.8468016
 0.4651036   0.8417353
 0.3525000   0.8995353
 0.3781250   0.9545832
 0.3268750   0.9449520
 0.5939143   0.9495169
 0.6270087   0.8898532
 0.3518143   0.8371704
 0.2555402   0.8499350
 0.2713872   0.5103898
 0.3264833   0.5659419
 0.2659709   0.5951875
 0.2065229   0.8850294
 0.2756250   0.9449520
 0.1808979   0.9400773
 0.0000000   0.5875000
 0.0000000   0.2862500
 0.0000000   0.1787500
 0.0000000   0.4225000
 0.0542459   0.4637500
 0.1596833   0.4810677
 0.1772470   0.3664487
 0.2284384   0.4250164
 0.2281250   0.1489583
 0.2573761   0.2104070
 0.2889509   0.3957708
 0.4375000   0.0000000
 0.9375000   0.0000000
 1.0000000   0.0625000
 0.8622431   0.2794190
 0.9265785   0.2163375
 0.8125000   0.0000000
 0.7215964   0.5272654
 0.7751201   0.4957858
 0.5625000   0.0000000
 0.6875000   0.0000000
 1.0000000   0.1875000
 0.8513061   0.4492172
 0.9356646   0.4380815
 0.9156415   0.5111357
 1.0000000   0.5625000
 1.0000000   0.6875000
 0.3012500   1.0000000
 1.0000000   0.4375000
 0.0558979   0.9400773
 0.0000000   0.9175000
 0.0558979   0.8575773
 0.4037500   1.0000000
 0.5437950   0.8388707
 0.5575000   1.0000000
 0.1183979   0.9400773
 0.1875000   1.0000000
 0.0625000   1.0000000
 0.1608131   0.8450603
 0.1301748   0.7773583
