   67     68     69
   70     71     72
   73     74     75
   76     77     78
   79     80     81
   82     83     84
   69     85     78
   86     87     88
   89     73     90
   91     92     93
   94     95     96
   97     98     99
  100     80    101
  102    103    104
  105    106    107
  108    109    110
  111     94    112
  113    114    109
  115    116    117
  118    119     86
  120    121    122
  123    124    125
  126    127     97
  128     98    129
  126    130    131
  103     74    132
  133     99    134
  135    136    137
  104    138    139
  130    140    141
  142    143    144
  145    146    147
   75    148    149
  150    147    151
   93    152    153
  154    155    156
  157    158    159
  160    161    162
  163    144     84
  164    143    135
  139    165    151
  134    166    167
  168    132    131
  169    170    171
  172     82    173
  174    145    175
  150    172    176
  107    177    178
  173    164    160
  179    180    181
  182    183    162
  174    152    154
  156    102    146
  184    185    153
  186    187    188
  189    190    191
  192    117     72
  159    193    112
  114    111    194
  195    158    196
  197    198    199
  200    201     95
  149    202    121
  157     96    198
  196    197    115
   77    122    201
  200    113     67
   87    127     89
   76    203    118
   88     90    120
  204    205    125
  206    207    171
  124    167    208
  133    206    140
  209    210     79
  119    211    129
  166    128    212
  207    123    213
   81     83    165
  214    210    141
  214    215    216
  216    217    101
  163    100    218
  209    138    168
  148    155    187
  186    199    202
  181    219    190
  215    170    220
  221    222    223
  106    224    180
  177    179    184
  175    225    178
  225    176    183
  105    182    226
  227    191    228
  227    229    221
  116    188     92
  230    231     91
  223     70    231
  185    189    230
    9     69     68
   45     67     69
   16     68     67
   11     72     71
   65     70     72
   64     71     70
   25     75     74
   10     73     75
   21     74     73
   45     78     77
   46     76     78
   18     77     76
   24     81     80
   53     79     81
   54     80     79
   24     84     83
   30     82     84
   33     83     82
   46     78     85
   45     69     78
    9     85     69
   47     88     87
   18     86     88
   19     87     86
   10     90     73
   47     89     90
   21     73     89
   38     93     92
   39     91     93
   65     92     91
   43     96     95
   41     94     96
   17     95     94
   48     99     98
   13     97     99
   19     98     97
   54    101     80
   55    100    101
   24     80    100
   56    104    103
   14    102    104
   25    103    102
   61    107    106
   62    105    107
   35    106    105
   15    110    109
    1    108    110
   16    109    108
   41    112     94
   40    111    112
   17     94    111
   15    109    114
   16    113    109
   17    114    113
   65    117    116
   42    115    117
   27    116    115
   19     86    119
   18    118     86
    7    119    118
   43    122    121
   18    120    122
   10    121    120
   49    125    124
   52    123    125
   50    124    123
   19     97    127
   13    126     97
   21    127    126
   19    129     98
   51    128    129
   48     98    128
   22    131    130
   21    126    131
   13    130    126
   21    132     74
   56    103    132
   25     74    103
   48    134     99
   50    133    134
   13     99    133
    3    137    136
   28    135    137
   29    136    135
   53    139    138
   14    104    139
   56    138    104
   32    141    140
   22    130    141
   13    140    130
   30    144    143
   23    142    144
   29    143    142
   14    147    146
   34    145    147
   37    146    145
   57    149    148
   10     75    149
   25    148     75
   14    151    147
   33    150    151
   34    147    150
   26    153    152
   39     93    153
   38    152     93
   25    156    155
   37    154    156
   38    155    154
    5    159    158
   41    157    159
   44    158    157
    6    162    161
   36    160    162
   28    161    160
   30     84    144
   24    163     84
   23    144    163
   29    135    143
   28    164    135
   30    143    164
   33    151    165
   14    139    151
   53    165    139
   20    167    166
   50    134    167
   48    166    134
   21    131    132
   22    168    131
   56    132    168
   32    171    170
   31    169    171
   58    170    169
   30    173     82
   36    172    173
   33     82    172
   34    175    145
   26    174    175
   37    145    174
   36    176    172
   34    150    176
   33    172    150
   26    178    177
   62    107    178
   61    177    107
   28    160    164
   36    173    160
   30    164    173
   59    181    180
   60    179    181
   61    180    179
   36    162    183
    6    182    162
   62    183    182
   38    154    152
   37    174    154
   26    152    174
   14    146    102
   37    156    146
   25    102    156
   39    153    185
   26    184    153
   60    185    184
   38    188    187
   27    186    188
   57    187    186
   12    191    190
   66    189    191
   60    190    189
   65     72    117
   11    192     72
   42    117    192
   40    112    193
   41    159    112
    5    193    159
   40    194    111
   15    114    194
   17    111    114
   44    196    158
   42    195    196
    5    158    195
   43    199    198
   27    197    199
   44    198    197
   43     95    201
   17    200     95
   45    201    200
   43    121    202
   10    149    121
   57    202    149
   43    198     96
   44    157    198
   41     96    157
   27    115    197
   42    196    115
   44    197    196
   43    201    122
   45     77    201
   18    122     77
   16     67    113
   45    200     67
   17    113    200
   21     89    127
   47     87     89
   19    127     87
    7    118    203
   18     76    118
   46    203     76
   10    120     90
   18     88    120
   47     90     88
   52    125    205
   49    204    125
    2    205    204
   31    171    207
   32    206    171
   50    207    206
   20    208    167
   49    124    208
   50    167    124
   32    140    206
   13    133    140
   50    206    133
   54     79    210
   53    209     79
   22    210    209
   51    129    211
   19    119    129
    7    211    119
   51    212    128
   20    166    212
   48    128    166
   52    213    123
   31    207    213
   50    123    207
   33    165     83
   53     81    165
   24     83     81
   22    141    210
   32    214    141
   54    210    214
    8    216    215
   54    214    216
   32    215    214
   55    101    217
   54    216    101
    8    217    216
   55    218    100
   23    163    218
   24    100    163
   56    168    138
   22    209    168
   53    138    209
   38    187    155
   57    148    187
   25    155    148
   43    202    199
   57    186    202
   27    199    186
   12    190    219
   60    181    190
   59    219    181
   58    220    170
    8    215    220
   32    170    215
   64    223    222
   66    221    223
    4    222    221
   59    180    224
   61    106    180
   35    224    106
   60    184    179
   26    177    184
   61    179    177
   62    178    225
   26    175    178
   34    225    175
   36    183    176
   62    225    183
   34    176    225
    6    226    182
   35    105    226
   62    182    105
   12    228    191
   63    227    228
   66    191    227
    4    221    229
   66    227    221
   63    229    227
   38     92    188
   65    116     92
   27    188    116
   65     91    231
   39    230     91
   66    231    230
   65    231     70
   66    223    231
   64     70    223
   66    230    189
   39    185    230
   60    189    185
