1
2
3
4
5
6
7
8
9
11
12
15
16
20
23
28
29
31
35
40
42
46
49
51
52
55
58
59
63
64
68
71
85
108
110
136
137
142
161
169
192
193
194
195
203
204
205
208
211
212
213
217
218
219
220
222
224
226
228
229
532
537
538
543
568
569
615
616
617
618
668
669
670
673
685
686
718
723
739
740
782
783
784
785
786
787
790
791
804
805
806
807
808
809
814
815
820
821
822
823
824
825
832
833
834
835
836
837
838
839
840
845
846
847
850
851
852
853
856
857
2662
2665
2671
2672
2674
2677
2683
2684
2734
2735
2736
2737
2827
2828
2830
2831
2832
2833
2834
2837
2934
2935
2936
2937
2938
2941
2943
2944
2967
2968
2970
2973
3034
3037
3043
3044
3075
3076
3078
3081
3162
3163
3164
3165
3166
3167
3168
3169
3170
3171
3172
3173
3177
3178
3180
3181
3206
3207
3208
3209
3210
3211
3212
3213
3214
3215
3216
3217
3226
3227
3228
3229
3238
3239
3240
3241
3242
3243
3244
3245
3246
3247
3248
3249
3262
3263
3264
3265
3266
3267
3268
3269
3270
3271
3272
3273
3274
3275
3276
3277
3278
3281
3287
3288
3290
3291
3292
3293
3298
3299
3300
3301
3302
3303
3304
3307
3310
3311
3312
3313
11722
11725
11728
11729
11739
11740
11742
11743
11746
11749
11752
11753
11763
11764
11766
11767
11866
11867
11868
11869
11870
11871
11872
11873
12051
12052
12054
12055
12058
12059
12060
12061
12062
12063
12064
12065
12066
12069
12072
12073
12266
12267
12268
12269
12270
12271
12272
12273
12274
12277
12280
12281
12283
12284
12286
12287
12331
12332
12334
12335
12338
12341
12344
12345
12466
12469
12472
12473
12483
12484
12486
12487
12547
12548
12550
12551
12554
12557
12560
12561
12722
12723
12724
12725
12726
12727
12728
12729
12730
12731
12732
12733
12734
12735
12736
12737
12738
12739
12740
12741
12742
12743
12744
12745
12751
12752
12754
12755
12758
12759
12760
12761
12810
12811
12812
12813
12814
12815
12816
12817
12818
12819
12820
12821
12822
12823
12824
12825
12826
12827
12828
12829
12830
12831
12832
12833
12850
12851
12852
12853
12854
12855
12856
12857
12874
12875
12876
12877
12878
12879
12880
12881
12882
12883
12884
12885
12886
12887
12888
12889
12890
12891
12892
12893
12894
12895
12896
12897
12922
12923
12924
12925
12926
12927
12928
12929
12930
12931
12932
12933
12934
12935
12936
12937
12938
12939
12940
12941
12942
12943
12944
12945
12946
12947
12948
12949
12950
12951
12952
12953
12954
12957
12960
12961
12971
12972
12974
12975
12978
12979
12980
12981
12982
12983
12984
12985
12994
12995
12996
12997
12998
12999
13000
13001
13002
13003
13004
13005
13006
13009
13012
13013
13018
13019
13020
13021
13022
13023
13024
13025
